330
186 6
217 201
228 184
16 296
231 103
242 296
270 96
226 43
98 12
164 230
26 40
175 234
91 225
199 62
62 325
158 229
293 17
260 100
244 32
136 250
66 269
230 278
116 122
124 37
198 64
242 232
244 313
103 15
309 314
98 1
154 64
287 193
88 272
263 283
84 255
256 136
257 7
257 109
242 295
201 277
292 108
248 20
102 282
251 277
258 88
221 216
311 270
193 183
272 167
312 21
99 213
107 226
85 308
258 157
140 229
272 17
179 220
269 309
62 10
300 46
82 110
106 58
45 166
296 177
87 42
133 324
47 131
328 127
13 18
227 60
137 243
272 175
249 268
227 56
280 194
213 246
1 230
303 58
223 179
272 27
325 214
46 183
86 180
204 265
322 173
126 106
258 172
45 56
68 259
59 212
52 286
309 36
1 29
84 244
168 253
84 305
44 95
139 275
201 97
199 211
135 182
266 136
209 78
133 157
13 31
18 85
122 75
161 12
80 115
241 181
173 107
178 188
167 121
202 315
325 128
246 240
3 203
306 211
106 314
167 254
214 200
52 246
217 233
182 84
277 12
118 108
130 154
65 114
181 252
123 226
266 48
133 139
95 122
58 11
234 245
268 8
33 289
197 152
294 27
55 278
194 45
62 256
247 192
1 127
6 298
34 168
145 252
251 215
242 262
268 328
144 136
230 26
254 24
129 12
221 28
297 99
215 2
82 54
205 76
69 189
108 252
241 178
96 254
28 242
29 179
152 160
94 219
209 258
79 169
96 131
170 316
299 165
43 113
312 89
131 93
259 251
128 57
262 37
288 111
155 155
314 265
95 166
179 163
52 53
58 153
9 276
237 129
208 72
127 232
109 110
277 125
176 65
114 259
173 10
20 108
251 304
316 313
325 37
136 325
306 181
106 166
227 24
196 272
3 74
189 273
23 57
283 321
285 192
230 114
218 294
282 215
117 35
51 83
13 1
235 163
116 161
265 124
138 53
187 147
65 105
205 325
143 51
160 274
213 241
20 50
135 214
323 241
142 140
137 23
107 272
252 108
156 132
127 123
123 313
141 282
232 35
314 231
11 215
139 252
97 167
152 298
251 29
5 21
65 104
319 147
76 57
310 55
329 31
284 282
5 156
28 52
101 248
154 219
120 0
217 322
172 117
194 28
46 301
234 107
5 101
40 122
226 224
288 32
5 240
181 283
84 193
219 56
319 17
233 279
218 44
310 23
329 277
298 50
213 45
73 162
235 98
232 282
57 4
92 128
283 166
185 154
57 194
221 128
297 234
270 141
7 116
70 291
261 290
148 33
124 168
203 139
186 178
155 241
57 88
281 162
207 135
246 90
242 182
40 247
159 229
114 167
327 98
22 99
181 112
166 45
322 146
3 65
29 68
226 200
76 86
255 58
96 263
65 51
303 234
325 40
98 11
259 194
218 36
113 76
227 153
186 202
15 252
265 24
109 319
149 309
20 255
160 311
143 312
38 203
280 205
102 175
260 150
133 296
250 64
139 220
219 197
182 18
203 255
135 21
230 167
114 24
279 250
36 22
53 60
111 195
95 202
166 271
166 173
5 225
169 315
116 222
176 75
181 140
12 98
52 171
233 107
170 276
263 212
289 266
225 316
13 7
62 186
40 259
103 243
327 296
239 313
52 261
30 55
197 158
111 304
253 168
308 169
132 287
166 136
85 75
284 126
128 41
124 129
48 172
142 266
278 233
112 185
45 217
255 220
186 198
21 120
11 205
70 301
114 293
178 63
282 310
59 136
17 192
236 206
216 101
266 20
154 119
26 127
63 83
121 139
167 95
153 329
266 194
15 92
82 235
217 270
208 110
309 312
176 152
121 184
167 152
230 64
305 20
318 219
157 76
187 127
169 301
92 267
200 82
230 292
17 213
90 235
227 85
149 260
245 91
254 281
144 177
95 262
94 30
28 77
32 141
143 261
136 188
8 269
248 84
89 24
235 187
13 303
326 203
76 289
258 232
297 28
265 161
193 204
149 144
97 52
64 275
299 5
328 125
211 116
32 69
286 281
270 199
279 79
69 271
153 207
261 299
10 273
237 131
267 66
123 27
109 212
5 60
44 98
219 87
101 145
305 324
244 29
87 314
76 55
113 321
56 228
129 168
199 260
68 56
99 266
101 24
69 222
121 128
243 276
206 129
61 131
192 103
180 216
187 193
127 42
147 291
234 78
123 178
126 180
195 311
220 202
281 62
107 225
284 268
17 243
296 173
42 172
43 227
45 91
224 69
224 216
305 319
1 237
272 83
112 292
227 172
212 104
197 122
10 320
60 183
311 192
153 326
38 79
175 268
108 88
124 20
14 235
195 161
74 157
288 303
257 134
268 34
212 269
317 205
141 317
304 194
48 91
151 44
224 303
130 283
170 185
264 176
200 58
68 144
79 149
86 224
14 156
10 11
60 57
24 73
304 269
272 46
61 199
277 26
4 319
39 59
248 24
194 285
296 204
69 16
51 125
195 200
9 70
130 138
325 112
209 196
247 145
189 19
291 245
322 106
36 308
197 326
142 111
87 294
300 87
323 313
51 329
164 186
295 123
69 280
69 219
320 305
96 28
88 293
327 40
160 132
120 316
288 277
204 158
243 266
130 23
282 0
226 283
262 303
118 22
177 293
35 105
111 84
55 313
261 157
65 49
305 153
271 144
314 259
83 66
54 328
314 182
212 124
39 153
104 87
208 41
95 105
74 220
315 78
16 247
145 111
94 106
281 215
95 305
152 13
292 17
323 94
54 247
316 215
173 204
29 184
225 148
242 258
17 153
186 281
47 225
171 183
230 208
215 212
273 326
47 247
204 119
287 298
184 303
7 328
5 50
220 26
133 48
92 230
323 230
12 119
179 205
241 245
324 171
316 248
199 82
87 92
29 228
232 200
57 60
275 74
102 59
118 73
86 3
59 14
173 218
50 325
211 10
245 150
166 41
146 138
99 37
217 75
216 76
268 30
116 44
236 322
93 273
199 104
10 265
120 189
222 313
73 231
285 233
8 9
133 104
261 84
71 252
215 34
236 12
216 157
263 165
188 314
59 12
90 196
163 259
192 314
215 142
227 279
140 50
305 207
6 122
222 228
70 18
154 240
302 64
198 321
1 162
85 202
65 138
173 300
245 19
85 283
223 296
112 319
251 80
176 322
328 158
286 177
30 264
83 198
49 168
87 16
42 108
257 264
36 140
106 190
157 92
162 211
228 131
235 325
162 253
317 155
3 30
123 191
212 325
214 24
24 86
25 73
159 137
111 83
85 126
328 150
100 22
303 311
217 61
252 208
64 99
49 313
139 208
107 100
112 271
46 171
241 224
154 298
34 9
131 175
264 62
130 146
86 44
125 156
100 103
212 277
91 314
315 32
99 176
152 263
220 289
53 120
0 306
251 86
140 241
14 164
180 35
104 283
32 305
199 190
326 110
322 238
177 56
45 299
68 328
127 150
39 143
61 20
74 121
32 259
305 173
169 85
13 6
42 316
51 119
97 17
261 56
153 65
252 22
84 165
181 29
199 197
197 321
121 105
318 315
136 275
149 124
12 127
326 59
275 102
171 311
28 99
316 310
322 316
23 84
265 154
97 185
314 237
257 153
52 163
244 170
288 97
38 275
226 73
187 207
65 129
155 35
12 23
202 40
52 83
68 95
104 261
278 124
324 20
51 321
233 222
258 174
316 199
150 136
284 290
289 24
272 273
195 237
7 153
236 27
306 27
284 240
161 75
272 64
53 132
28 292
128 215
35 69
280 39
261 312
82 164
165 228
317 132
159 243
292 279
186 313
227 314
245 52
283 227
56 187
4 315
64 272
45 208
302 302
52 143
273 68
134 138
52 244
89 39
275 231
280 116
114 275
92 94
258 258
309 165
62 21
224 240
289 74
177 209
46 75
91 11
84 173
185 69
29 174
278 162
43 60
299 101
63 274
47 112
327 88
9 83
177 105
213 112
135 125
91 63
309 244
4 294
74 44
240 73
105 59
218 215
117 114
222 154
306 42
169 204
275 107
196 113
21 211
260 34
114 114
124 133
288 187
179 300
4 300
46 300
90 300
315 300
195 300
274 300
267 300
184 300
252 300
120 300
326 300
106 300
104 300
79 300
145 300
140 300
251 300
209 300
136 300
309 300
153 300
240 300
80 300
293 300
213 300
93 300
199 300
260 300
130 300
122 300
58 300
42 300
0 300
12 300
200 300
125 300
236 300
85 300
258 300
50 300
108 300
250 300
174 300
31 300
228 300
141 300
201 300
206 300
185 300
148 300
7 300
170 300
134 300
289 300
277 300
11 300
268 300
214 300
192 300
299 300
127 300
269 300
121 300
39 300
322 300
107 300
101 300
182 300
281 300
286 300
73 300
295 300
323 300
158 300
291 300
19 300
303 300
186 300
255 300
246 300
247 300
325 300
118 300
253 300
207 300
2 300
294 300
100 300
282 300
244 300
308 300
198 300
76 300
238 300
171 300
271 300
321 300
304 300
9 300
224 300
99 300
26 300
316 300
314 300
15 300
290 300
233 300
18 300
152 300
17 300
226 300
29 300
212 300
78 300
278 300
77 300
13 300
313 300
156 300
128 300
48 300
84 300
264 300
161 300
210 300
298 300
124 300
64 300
283 300
32 300
68 300
175 300
36 300
14 300
23 300
248 300
197 300
242 300
220 300
87 300
287 300
74 300
43 300
215 300
219 300
5 300
160 300
229 300
8 300
280 300
112 300
53 300
103 300
163 300
59 300
243 300
83 300
137 300
142 300
189 300
3 300
65 300
109 300
288 300
279 300
222 300
230 300
55 300
191 300
24 300
203 300
263 300
262 300
89 300
311 300
328 300
227 300
81 300
225 300
149 300
94 300
266 300
70 300
176 300
162 300
275 300
173 300
300 300
25 300
1 300
133 300
249 300
41 300
169 300
261 300
202 300
150 300
95 300
119 300
168 300
49 300
305 300
33 300
132 300
216 300
146 300
114 300
270 300
75 300
319 300
60 300
38 300
208 300
116 300
310 300
28 300
302 300
296 300
205 300
320 300
99 301
76 301
308 301
239 301
168 301
311 301
267 301
175 301
43 301
24 301
295 301
201 301
314 301
15 301
133 301
219 301
22 301
247 301
59 301
122 301
95 301
213 301
315 301
197 301
181 301
313 301
37 301
318 301
10 301
152 301
325 301
53 301
142 301
228 301
275 301
304 301
6 301
195 301
268 301
60 301
146 301
257 301
212 301
194 301
54 301
35 301
164 302
228 302
246 302
185 302
92 302
242 302
235 302
234 302
27 302
75 302
30 302
326 302
180 302
77 302
102 302
313 302
187 302
74 302
257 302
148 302
153 302
276 302
119 302
325 302
315 302
204 302
159 302
82 302
216 302
214 302
95 302
182 302
207 302
61 302
194 302
26 302
254 302
270 302
205 302
225 302
118 302
63 302
261 302
121 302
87 302
16 302
288 302
167 302
88 302
171 302
300 302
266 302
220 302
2 302
20 302
197 302
76 302
41 302
309 302
229 302
213 302
260 302
271 302
237 302
147 302
163 302
29 302
50 302
152 302
268 302
81 302
324 302
96 302
35 302
210 302
85 302
286 302
32 302
98 302
157 302
28 302
100 302
17 302
90 302
105 302
183 302
69 302
198 302
24 302
249 302
170 302
172 302
232 302
244 302
165 302
52 302
117 302
103 302
259 302
64 302
137 302
274 302
23 302
53 302
293 302
36 302
112 302
130 302
115 302
83 302
209 302
44 302
1 302
253 302
136 302
168 302
138 302
70 302
123 302
256 302
298 302
34 302
116 302
285 302
316 302
202 302
278 302
97 302
318 302
290 302
113 302
239 302
265 302
312 302
195 302
230 302
255 302
51 302
247 302
60 302
73 302
104 302
135 302
227 302
9 302
62 302
108 302
267 302
22 302
323 302
134 302
93 302
143 302
196 302
133 302
308 302
37 302
132 302
184 302
291 302
233 302
215 302
176 302
273 302
217 302
166 302
72 302
15 302
284 302
154 302
178 302
160 302
84 302
11 302
262 302
128 302
241 302
238 302
221 302
99 302
175 302
319 302
45 302
122 302
120 302
250 302
201 302
301 302
190 302
224 302
236 302
5 302
223 302
307 302
106 302
139 302
126 302
13 302
310 302
109 302
299 302
46 302
212 302
33 302
222 302
243 303
132 303
110 303
105 303
201 303
134 303
230 303
302 303
12 303
222 303
194 303
264 303
235 303
289 303
10 303
319 303
34 303
317 303
67 303
150 303
245 303
0 303
62 303
269 303
143 303
299 303
160 303
23 303
141 303
329 303
189 303
283 303
262 303
179 303
122 303
32 303
240 303
117 303
148 303
40 303
127 303
87 303
124 303
66 303
73 303
115 303
253 303
251 303
279 303
50 303
89 303
286 303
259 303
232 303
224 303
218 303
65 303
212 303
190 303
261 303
255 303
71 303
266 303
108 303
79 303
234 303
297 303
309 303
54 303
233 303
11 303
311 303
223 303
120 303
260 303
257 303
49 303
188 303
14 303
169 303
131 303
252 303
47 303
147 303
324 303
248 303
216 303
8 303
43 303
328 303
18 303
28 303
19 303
83 303
128 303
96 303
151 303
155 303
191 303
195 303
137 303
228 303
41 303
320 303
274 303
118 303
305 303
44 303
111 303
142 303
93 303
298 303
256 303
129 303
242 303
193 303
51 303
300 303
174 303
294 303
123 303
74 303
184 303
280 303
250 303
178 303
145 303
146 303
138 303
204 303
70 303
182 303
101 303
244 303
318 303
206 303
77 303
53 303
219 303
56 303
210 303
275 303
97 303
167 303
116 303
154 303
292 303
177 303
152 303
220 303
16 303
313 303
92 303
272 303
211 303
104 303
308 303
307 303
68 303
22 303
312 303
37 303
198 303
25 303
139 303
133 303
285 303
24 303
94 303
171 303
90 303
80 303
84 303
278 303
192 303
91 303
267 303
158 303
325 303
221 303
213 303
199 303
86 303
76 303
165 303
246 303
15 303
29 303
102 303
200 303
35 303
277 303
287 303
125 303
231 303
196 303
136 303
157 303
181 303
166 303
238 303
241 303
327 303
95 303
7 303
163 303
258 303
306 303
144 303
109 303
161 303
72 303
310 303
140 303
321 303
180 303
288 303
5 303
59 303
78 303
164 303
149 303
249 303
173 303
282 303
153 303
48 303
209 303
31 303
293 303
30 303
326 303
61 303
4 303
208 303
2 303
226 303
57 303
17 303
322 303
130 303
217 303
183 303
160 304
149 304
179 304
107 304
283 304
20 304
146 304
82 304
213 304
247 304
77 304
72 304
53 304
49 304
106 304
234 304
109 304
38 304
23 304
81 304
116 304
239 304
8 304
93 304
33 304
246 304
232 304
134 304
150 304
159 304
89 304
94 304
220 304
244 304
79 304
272 304
288 304
28 304
114 304
187 304
290 304
108 304
241 304
270 304
245 304
175 304
186 304
329 304
166 304
99 304
145 304
248 304
276 304
204 304
217 304
131 304
30 304
324 304
144 304
309 304
128 304
325 304
319 304
119 304
1 304
173 304
122 304
37 304
281 304
137 304
263 304
203 304
13 304
209 304
215 304
31 304
238 304
242 304
91 304
307 304
226 304
54 304
47 304
90 304
328 304
69 304
254 304
169 304
136 304
67 304
266 304
308 304
143 304
45 304
41 304
4 304
277 304
125 304
207 304
323 304
240 304
96 304
141 304
59 304
315 304
205 304
48 304
10 304
235 304
9 304
280 304
56 304
39 304
162 304
221 304
68 304
189 304
314 304
85 304
64 304
132 304
15 304
296 304
139 304
258 304
76 304
168 304
43 304
103 304
17 304
151 304
233 304
183 304
193 304
260 304
29 304
294 304
320 304
161 304
105 304
36 304
310 304
83 304
95 304
188 304
164 304
295 304
87 304
304 304
118 304
102 304
291 304
101 304
273 304
327 304
155 304
316 304
148 304
269 304
117 304
156 304
182 304
216 304
219 304
80 304
184 304
199 304
120 304
265 304
306 304
12 304
86 304
185 304
236 304
92 304
152 304
154 304
197 304
268 304
317 304
212 304
224 304
318 304
11 304
278 304
135 304
123 304
176 304
73 304
138 304
126 304
196 304
111 304
200 304
0 304
63 304
21 304
287 304
255 304
192 304
225 304
264 304
74 304
157 304
194 304
177 304
121 304
181 304
326 304
299 304
201 304
311 304
40 304
321 304
5 304
322 304
51 304
52 304
259 304
124 304
113 304
210 304
42 304
249 304
55 304
271 304
293 304
282 304
60 305
201 305
36 305
274 305
11 305
171 305
281 305
256 305
54 305
302 305
93 305
97 305
81 305
301 305
258 305
103 305
308 305
192 305
296 305
257 305
154 305
324 305
57 305
113 305
190 305
145 305
86 305
188 305
5 305
82 305
47 305
325 305
317 305
287 305
236 305
126 305
159 305
89 305
33 305
138 305
158 305
231 305
198 305
280 305
149 305
24 305
272 305
44 305
234 305
104 305
251 305
43 305
135 305
49 305
77 305
88 305
205 305
245 305
250 305
226 305
182 305
184 305
206 305
109 305
143 305
52 305
146 305
58 305
221 305
269 305
276 305
262 305
78 305
152 305
16 305
173 305
125 305
309 305
225 305
267 305
300 306
311 306
219 306
58 306
129 306
105 306
2 306
261 306
224 306
53 306
55 306
325 306
79 306
200 306
114 306
281 306
12 306
194 306
19 306
175 306
210 306
221 306
282 306
262 306
216 306
161 306
205 306
107 306
319 306
87 306
170 306
326 306
100 306
139 306
226 306
213 306
181 306
73 306
40 306
0 306
222 306
28 307
136 307
192 307
66 307
232 307
36 307
48 307
230 307
244 307
202 307
250 307
240 307
20 307
204 307
182 307
181 307
91 307
46 307
171 307
247 307
51 307
259 307
110 307
73 307
121 307
252 307
284 307
96 307
214 307
27 307
124 307
161 307
120 307
85 307
210 307
243 307
180 307
170 307
71 307
267 307
133 307
207 307
327 307
187 307
103 307
152 307
270 307
260 307
329 307
307 307
6 307
56 307
245 307
10 307
16 307
219 307
281 307
282 307
15 307
174 307
129 307
58 307
233 307
234 307
153 307
300 307
116 307
315 307
57 307
148 307
102 307
295 307
112 307
217 307
79 307
163 307
105 307
126 307
257 307
84 307
43 308
40 308
201 308
321 308
281 308
200 308
81 308
267 308
307 308
141 308
312 308
112 308
302 308
263 308
203 308
31 308
87 308
71 308
202 308
118 308
258 308
184 308
11 308
215 308
305 308
150 308
233 308
111 308
228 308
208 308
245 308
103 308
251 308
0 308
21 308
178 308
248 308
50 308
115 308
9 308
234 308
94 308
230 308
217 308
282 308
148 308
174 308
90 308
249 308
186 308
60 308
114 308
101 308
265 308
323 308
63 308
274 308
286 308
92 308
292 308
271 308
129 308
162 308
98 308
190 308
276 308
149 308
260 308
145 308
231 308
79 308
329 308
95 308
179 308
299 308
109 308
17 308
163 308
264 308
10 308
172 308
65 308
33 308
293 308
183 308
157 308
100 308
160 308
49 308
206 308
122 308
275 308
222 308
278 308
137 308
23 308
301 308
147 308
207 308
197 308
48 308
223 308
76 308
295 308
132 308
35 308
131 308
8 308
38 308
210 308
130 308
240 308
291 308
62 308
83 308
96 308
99 308
57 308
196 308
104 308
324 308
229 308
121 308
283 308
284 308
175 308
26 308
32 308
279 308
304 308
205 308
259 308
310 308
88 308
3 308
152 308
139 308
25 308
170 308
124 308
171 308
93 308
224 308
318 308
244 308
154 308
75 308
74 308
29 308
12 308
232 308
2 308
135 308
84 308
13 309
168 309
137 309
140 309
7 309
234 309
151 309
246 309
79 309
170 309
320 309
187 309
14 309
122 309
325 309
260 309
84 309
313 309
162 309
16 309
180 309
315 309
97 309
242 309
46 309
102 309
10 309
241 309
54 309
326 309
176 309
99 309
263 309
210 309
129 309
247 309
155 309
275 309
108 309
267 309
245 309
150 309
218 309
71 309
223 309
303 309
120 309
200 309
319 309
142 309
277 309
93 309
75 309
44 309
226 309
25 309
316 309
31 309
90 309
94 309
229 309
136 309
289 309
88 309
115 309
283 309
262 309
87 309
83 309
50 309
321 309
233 309
240 309
116 309
276 309
22 309
38 309
48 309
106 309
224 309
214 309
107 309
306 309
287 309
135 309
113 309
311 309
4 309
243 309
171 309
89 309
159 309
269 309
158 309
250 309
174 309
85 309
20 309
148 309
52 309
279 309
216 309
186 309
114 309
33 309
310 309
270 309
62 309
78 309
207 309
121 309
237 309
169 309
254 309
305 309
12 309
212 309
45 309
37 309
60 309
206 309
192 309
131 309
82 309
286 309
66 309
36 309
126 309
110 309
77 309
312 309
264 309
128 309
149 309
220 309
141 309
165 309
53 309
324 309
225 309
281 309
285 309
119 309
86 309
261 309
177 309
104 309
98 309
297 309
157 309
195 309
309 309
271 309
19 309
198 309
0 309
47 309
205 309
24 309
328 309
323 309
145 309
68 309
134 309
117 309
273 309
147 309
299 309
301 309
100 309
23 309
57 309
179 309
144 309
314 309
230 309
167 309
259 309
156 309
29 309
302 309
288 309
251 309
274 309
74 309
118 309
294 309
182 309
101 309
61 309
111 309
222 309
124 309
5 309
221 309
265 309
282 309
327 309
39 309
295 309
154 309
293 309
18 309
55 309
3 309
258 309
6 309
49 309
304 309
11 309
194 309
175 309
163 309
317 309
67 309
308 309
193 309
236 309
30 309
257 309
248 309
329 309
127 309
172 309
72 309
69 309
58 309
296 309
268 309
64 309
143 309
91 309
188 309
63 309
300 309
255 309
196 309
161 309
290 309
112 309
318 309
17 309
215 309
139 309
160 309
51 309
190 309
21 309
42 309
109 309
92 309
202 309
2 309
80 309
146 309
278 309
9 309
164 309
231 309
256 309
213 309
252 309
184 309
235 309
153 309
227 309
181 309
199 309
298 309
204 309
238 309
191 309
27 309
125 309
181 310
247 310
194 310
97 310
223 310
170 310
284 310
326 310
316 310
136 310
100 310
128 310
117 310
79 310
68 310
81 310
17 310
116 310
240 310
62 310
255 310
42 310
235 310
268 310
202 310
217 310
265 310
191 310
184 310
139 310
52 310
261 310
270 310
60 310
46 310
150 310
13 310
197 310
55 310
225 310
193 310
281 310
5 310
173 310
290 310
14 310
67 310
178 310
277 310
104 310
108 310
187 310
203 310
177 310
214 310
208 310
234 310
220 310
78 310
317 310
190 310
162 310
44 310
199 310
271 310
133 310
195 310
250 310
164 310
297 310
273 310
328 310
249 310
211 310
291 310
308 310
192 310
40 310
260 310
188 310
152 310
57 310
135 310
238 310
12 310
267 310
65 310
23 310
70 310
138 310
148 310
279 310
7 310
35 310
85 310
168 310
119 310
239 310
76 310
231 310
90 310
27 310
272 310
144 310
37 310
315 310
66 310
33 311
270 311
123 311
43 311
93 311
115 311
145 311
176 311
179 311
267 311
69 311
254 311
19 311
271 311
136 311
99 311
260 311
121 311
248 311
228 311
79 311
143 311
291 311
148 311
214 311
88 311
2 311
64 311
189 311
252 311
275 311
152 311
277 311
112 311
90 311
303 311
113 311
261 311
201 311
125 311
326 311
281 311
87 311
72 311
199 311
45 311
81 311
159 311
11 311
82 311
280 311
274 311
7 311
61 311
319 311
103 311
37 311
144 311
193 311
168 311
58 311
170 311
317 311
10 311
184 311
22 311
42 311
27 311
1 311
304 311
180 311
48 311
234 311
247 311
307 311
20 311
245 311
323 311
126 311
127 311
202 311
95 311
52 311
84 311
241 311
169 311
209 311
119 311
321 311
62 311
149 311
213 311
160 311
67 311
316 311
35 311
44 311
83 311
173 311
60 311
73 311
56 311
305 311
224 311
21 311
246 311
195 311
329 311
294 311
185 311
225 311
166 311
131 311
130 311
215 311
164 311
306 311
59 311
109 311
167 311
239 311
256 311
276 311
318 311
182 311
315 311
221 311
161 311
284 311
282 311
77 311
158 311
57 311
192 311
219 311
240 311
17 311
298 311
320 311
5 311
255 311
120 311
4 311
68 311
76 311
227 311
216 311
34 311
322 311
165 311
100 311
114 311
162 311
190 311
258 311
283 311
108 311
272 311
300 311
295 311
116 311
198 311
292 311
191 311
53 311
23 311
288 311
135 311
156 311
279 311
251 311
188 311
128 311
175 311
172 311
290 311
204 311
154 311
105 311
163 311
155 311
134 311
38 311
132 311
299 311
101 311
265 311
25 311
211 311
249 311
187 311
9 311
302 311
218 311
139 311
142 311
296 311
96 311
31 311
46 311
324 311
39 311
13 311
250 311
222 311
220 311
253 311
157 311
151 311
259 311
229 311
325 311
141 311
70 311
104 311
24 311
80 311
122 311
147 311
28 311
177 311
286 311
181 311
18 311
124 311
106 311
244 311
85 311
233 311
289 311
210 311
137 311
313 311
86 311
297 311
269 311
207 311
75 311
174 311
112 312
297 312
159 312
134 312
229 312
169 312
103 312
62 312
290 312
85 312
57 312
105 312
234 312
276 312
282 312
256 312
318 312
312 312
162 312
33 312
305 312
220 312
323 312
271 312
180 312
309 312
107 312
284 312
193 312
268 312
313 312
224 312
206 312
91 312
263 312
233 312
104 312
302 312
266 312
111 312
258 312
322 312
71 312
122 312
77 312
153 312
50 312
101 312
155 312
127 312
150 312
328 312
152 312
184 312
143 312
319 312
75 312
47 312
208 312
141 312
326 312
198 312
36 312
58 312
55 312
182 312
100 312
259 312
177 312
237 312
81 312
69 312
31 312
223 312
204 312
213 312
163 312
129 312
244 312
292 312
212 312
289 312
38 312
63 312
94 312
146 312
301 312
65 312
158 312
320 312
137 312
245 312
56 312
219 312
41 312
170 312
136 312
53 312
113 312
202 312
311 312
115 312
72 312
172 312
308 312
242 312
48 312
279 312
254 312
73 312
183 312
285 312
19 312
269 312
139 312
114 312
235 312
248 312
176 312
116 312
243 312
298 312
7 312
161 312
26 312
145 312
2 312
189 312
167 312
157 312
23 312
324 312
293 312
84 312
211 312
151 312
120 312
35 312
82 312
327 312
3 312
253 312
317 312
283 312
126 312
156 312
280 312
132 312
20 312
95 312
192 312
123 312
275 312
64 312
197 312
199 312
215 312
96 312
295 312
43 312
14 312
221 312
138 312
34 312
294 312
303 312
264 312
321 312
160 312
196 312
325 312
278 312
68 312
108 312
135 312
140 312
11 312
226 312
262 312
175 312
240 312
52 312
51 312
165 312
78 312
261 312
88 312
249 312
174 312
0 312
288 312
27 312
106 312
314 312
154 312
4 312
66 312
195 312
121 312
21 312
225 312
49 312
25 312
207 312
102 312
93 312
117 312
142 312
42 312
203 312
8 312
238 312
247 312
236 312
59 312
241 312
149 312
214 312
277 312
304 312
118 312
83 312
133 312
70 312
18 312
228 312
216 312
299 312
310 312
252 312
98 312
246 312
286 312
45 312
191 312
187 312
194 312
10 312
251 312
227 312
306 312
329 312
46 312
32 312
231 312
257 312
232 312
44 312
29 312
166 312
209 312
79 312
242 313
14 313
128 313
324 313
45 313
181 313
180 313
204 313
104 313
122 313
231 313
160 313
10 313
273 313
198 313
24 313
206 313
253 313
157 313
69 313
309 313
168 313
298 313
51 313
103 313
283 313
209 313
285 313
303 313
233 313
31 313
260 313
33 313
223 313
87 313
222 313
308 313
251 313
77 313
75 313
173 313
271 313
72 313
293 313
91 313
35 313
61 313
119 313
96 313
53 313
139 313
106 313
312 313
191 313
247 313
74 313
281 313
12 313
166 313
90 313
216 313
218 313
60 313
266 313
328 313
307 313
257 313
289 313
22 313
193 313
86 313
78 313
129 313
235 313
25 313
65 313
305 313
226 313
16 313
190 313
208 313
39 313
154 313
195 313
249 313
301 313
95 313
162 313
252 313
169 313
317 313
125 313
140 313
265 313
17 313
250 313
201 313
261 313
258 313
256 313
44 313
46 313
205 313
101 313
98 313
197 313
126 313
203 313
254 313
59 313
302 313
177 313
267 313
264 313
146 313
274 313
272 313
23 313
220 313
325 313
117 313
202 313
5 313
291 313
255 313
238 313
36 313
38 313
214 313
239 313
185 313
131 313
143 313
149 313
172 313
40 313
55 313
114 313
188 313
68 313
152 313
130 313
26 313
246 313
71 313
105 313
81 313
118 313
184 313
66 313
321 313
287 313
4 313
300 313
187 313
296 313
15 313
30 313
294 313
124 313
48 313
147 313
299 313
94 313
159 313
29 313
199 313
230 313
67 313
73 313
315 313
232 313
11 313
121 313
317 314
228 314
0 314
209 314
185 314
34 314
105 314
74 314
147 314
187 314
285 314
123 314
205 314
1 314
176 314
238 314
272 314
326 314
215 314
131 314
286 314
323 314
42 314
249 314
314 314
115 314
218 314
149 314
100 314
180 314
280 314
294 314
236 314
235 314
19 314
35 314
62 314
122 314
301 314
255 314
201 314
126 314
14 314
65 314
56 314
257 314
69 314
299 314
171 314
130 314
156 314
96 314
73 314
117 314
240 314
76 314
229 314
80 314
259 314
258 314
107 314
82 314
193 314
31 314
177 314
45 314
189 314
192 314
128 314
315 314
145 314
220 314
32 314
315 24
315 327
315 129
315 306
315 64
315 229
315 252
315 85
315 297
315 235
315 59
315 296
315 105
315 120
315 321
315 237
315 216
315 110
315 236
315 19
315 173
315 178
315 218
315 155
315 192
315 209
315 301
315 36
315 311
315 48
315 172
315 15
315 98
315 279
315 256
315 147
315 225
315 74
315 135
315 319
315 286
315 25
315 275
315 291
315 328
315 266
315 33
315 281
315 198
315 115
315 245
315 82
315 47
315 57
315 215
315 211
315 40
315 174
315 240
315 262
315 213
315 208
315 307
315 81
315 161
315 267
315 75
315 104
315 121
315 243
315 153
315 151
315 203
315 312
315 283
315 195
315 45
315 265
315 30
315 50
315 43
315 140
315 54
315 55
315 244
315 304
315 274
315 290
315 107
315 88
316 250
316 40
316 37
316 257
316 314
316 75
316 288
316 85
316 271
316 266
316 308
316 123
316 214
316 116
316 144
316 293
316 46
316 150
316 111
316 137
316 53
316 67
316 105
316 110
316 255
316 215
316 296
316 165
316 41
316 205
316 269
316 203
316 310
316 42
316 229
316 23
316 18
316 322
316 95
316 289
316 182
316 26
316 233
316 199
316 17
316 224
316 76
316 122
316 221
316 317
316 264
316 43
316 136
316 50
316 313
316 39
316 130
316 8
316 236
316 121
316 253
316 231
316 237
316 156
316 117
316 298
316 154
316 2
316 220
316 1
316 198
316 79
316 107
316 59
316 102
316 12
316 268
316 92
316 82
316 90
316 315
316 152
316 34
316 210
316 87
316 216
316 108
316 281
316 3
316 160
316 244
316 147
316 51
316 133
316 320
316 241
316 291
316 272
316 193
316 14
316 177
316 170
316 259
316 238
316 131
316 297
316 106
316 78
316 223
316 77
316 184
316 273
316 204
316 213
316 305
316 91
316 302
316 186
316 86
316 88
316 173
316 32
316 114
316 44
316 311
316 109
316 19
316 74
316 290
316 60
316 118
316 65
317 248
317 258
317 94
317 203
317 284
317 265
317 147
317 73
317 168
317 77
317 295
317 216
317 68
317 305
317 190
317 217
317 267
317 237
317 120
317 115
317 117
317 4
317 99
317 108
317 290
317 23
317 246
317 285
317 288
317 320
317 176
317 243
317 279
317 126
317 175
317 121
317 122
317 241
317 204
317 132
317 196
317 137
317 297
317 53
317 291
317 145
317 185
317 60
317 292
317 155
317 262
317 164
317 27
317 165
317 84
317 178
317 316
317 281
317 304
317 59
317 34
317 62
317 87
317 25
317 182
317 124
317 86
317 317
317 85
317 33
317 106
317 28
317 319
317 49
317 187
317 54
317 252
317 227
317 150
317 271
317 18
317 69
317 47
317 173
317 105
317 107
317 211
317 195
317 17
317 153
317 269
318 76
318 148
318 235
318 146
318 53
318 260
318 188
318 249
318 138
318 70
318 222
318 72
318 204
318 114
318 151
318 13
318 122
318 145
318 166
318 307
318 185
318 202
318 149
318 67
318 86
318 24
318 63
318 325
318 100
318 201
318 213
318 193
318 109
318 176
318 74
318 56
318 160
318 191
318 168
318 69
318 52
318 265
318 123
318 75
318 322
318 124
318 328
318 181
318 225
318 140
318 65
318 231
318 289
318 305
318 221
318 10
318 190
318 132
318 45
318 287
318 183
318 50
318 79
318 143
318 82
318 105
318 107
318 62
318 162
318 54
318 240
318 274
318 31
318 277
318 169
318 236
318 90
318 171
318 136
318 288
318 167
318 1
318 101
318 234
318 46
318 93
318 58
318 81
318 84
318 320
318 17
318 273
318 165
318 306
318 44
318 247
318 314
318 170
318 237
318 262
318 256
318 33
318 299
318 257
318 96
318 125
318 187
318 34
318 217
318 197
318 313
318 192
318 77
318 28
318 180
318 152
318 254
318 64
318 206
318 174
318 161
318 98
318 311
318 39
318 232
318 251
318 318
318 293
318 47
318 102
318 106
318 268
318 30
318 252
318 154
318 142
318 110
318 177
318 155
318 327
318 153
318 280
318 283
318 41
318 88
318 95
318 130
318 29
318 264
318 297
318 26
318 121
318 226
318 89
318 308
318 15
318 224
318 16
318 284
318 144
318 133
318 99
318 303
318 71
318 215
318 14
318 126
318 285
318 61
318 282
318 178
318 119
318 210
318 38
318 91
318 156
318 246
318 211
318 227
318 258
318 20
318 120
318 321
318 230
318 118
318 157
318 263
318 316
318 59
318 223
318 255
318 40
318 23
318 295
318 220
318 73
318 179
318 11
318 212
318 27
318 159
318 129
318 127
318 42
318 116
318 271
318 203
318 164
318 259
318 253
318 49
318 238
318 111
318 173
318 207
318 12
318 326
318 2
318 261
318 57
318 250
318 172
318 51
318 323
318 87
318 103
318 85
318 48
318 228
318 245
318 35
318 184
318 141
318 301
318 194
318 6
318 329
318 209
318 216
318 241
318 139
318 304
318 200
318 196
318 4
318 205
318 242
318 233
318 279
318 315
318 270
318 158
318 175
318 19
318 92
318 66
318 5
318 32
318 104
318 300
318 97
318 302
318 317
318 108
318 296
318 135
318 163
318 310
318 218
318 22
318 208
318 147
318 278
318 9
318 150
318 229
318 219
318 309
318 294
318 36
318 94
318 55
318 199
318 113
318 286
318 18
318 276
318 195
318 292
318 214
318 281
318 7
318 134
318 239
318 324
318 182
318 248
318 291
318 275
318 189
318 21
318 0
318 37
318 244
318 131
318 43
318 3
318 117
318 243
319 45
319 96
319 199
319 305
319 17
319 67
319 321
319 216
319 55
319 279
319 219
319 140
319 118
319 24
319 59
319 144
319 241
319 229
319 320
319 311
319 282
319 210
319 248
319 277
319 158
319 200
319 208
319 143
319 209
319 26
319 329
319 288
319 316
319 87
319 47
319 102
319 194
319 256
319 42
319 75
319 135
319 163
319 211
319 166
319 112
319 64
319 73
319 232
319 205
319 237
319 315
319 250
319 48
319 57
319 207
319 285
319 302
319 274
320 209
320 1
320 95
320 323
320 159
320 55
320 197
320 123
320 322
320 98
320 129
320 161
320 256
320 133
320 7
320 268
320 101
320 34
320 260
320 12
320 4
320 68
320 275
320 73
320 173
320 80
320 299
320 246
320 241
320 252
320 79
320 277
320 221
320 229
320 77
320 142
320 8
320 274
320 100
320 21
320 154
320 54
320 164
320 111
320 219
320 163
320 46
320 251
320 305
320 263
320 41
320 311
320 222
320 0
320 250
320 202
320 83
320 279
320 239
320 119
320 20
320 162
320 316
320 125
320 259
320 271
320 110
320 226
320 120
320 151
320 168
320 242
320 81
320 97
320 224
320 283
320 185
320 296
320 308
320 327
320 40
320 71
320 231
320 126
320 293
320 9
320 324
320 152
320 315
320 212
320 172
320 243
320 13
320 56
320 199
320 86
320 112
320 326
320 186
320 312
320 210
320 108
320 217
320 165
320 253
320 107
320 96
320 167
320 257
320 201
320 317
320 138
320 19
320 207
320 11
320 132
320 230
320 307
320 232
320 127
320 146
320 177
320 280
320 267
320 105
320 171
320 149
320 245
320 225
320 155
320 179
320 216
320 188
320 91
320 53
320 58
320 88
320 240
320 265
320 227
320 223
320 66
320 122
320 190
320 235
320 60
320 22
320 158
320 169
320 329
320 309
320 70
320 237
320 300
320 51
320 181
320 228
320 44
320 94
320 178
320 269
320 244
320 176
320 301
320 157
320 258
320 285
320 33
320 278
320 238
320 174
320 3
320 48
320 208
320 124
320 85
320 87
321 309
321 29
321 138
321 218
321 131
321 120
321 278
321 21
321 287
321 74
321 56
321 77
321 274
321 7
321 14
321 213
321 116
321 142
321 266
321 147
321 97
321 193
321 289
321 100
321 53
321 244
321 35
321 92
321 270
321 54
321 122
321 283
321 214
321 326
321 271
321 293
321 63
321 99
321 72
321 57
321 247
321 292
321 145
321 110
321 107
321 143
321 175
321 194
321 64
321 260
321 238
321 258
321 199
321 44
321 98
321 130
321 0
321 307
321 179
321 140
321 240
321 269
321 272
321 176
321 169
321 311
321 221
321 257
321 30
321 113
321 31
321 16
321 306
321 196
321 58
321 204
321 328
321 253
321 187
321 93
321 248
321 47
321 191
321 237
321 182
321 317
321 137
321 111
321 146
321 49
321 291
321 219
321 2
321 65
321 12
321 268
321 20
321 159
321 314
321 23
321 205
321 319
321 121
321 290
321 141
321 315
321 163
321 171
321 33
321 174
321 308
321 207
321 280
321 26
321 220
321 300
321 32
321 9
321 61
321 119
321 67
321 261
321 285
321 60
321 4
321 284
321 277
321 13
321 245
321 230
321 233
321 95
321 118
321 252
321 222
321 106
321 228
321 298
321 124
321 265
321 236
321 225
321 114
321 39
321 178
321 327
321 279
321 134
321 294
321 156
321 329
321 1
321 135
321 217
321 168
321 262
321 203
321 78
321 10
321 323
321 128
321 45
321 8
321 231
321 173
321 91
321 189
321 162
321 211
321 22
321 153
321 158
321 195
321 242
321 297
321 295
321 296
321 40
321 157
321 75
321 27
321 3
321 299
321 267
321 102
321 177
321 164
321 232
321 19
321 325
321 36
321 132
321 181
321 250
321 154
321 90
321 123
321 150
321 216
321 34
321 84
321 24
321 206
321 243
321 148
321 172
321 136
321 46
321 167
321 202
321 254
321 286
321 223
321 239
321 312
321 183
321 70
321 188
321 305
321 165
321 316
321 18
321 83
321 215
321 5
321 55
321 88
321 210
321 186
321 28
321 82
321 50
321 48
321 160
321 275
321 94
321 101
321 38
321 304
321 81
321 104
321 234
321 241
321 117
322 288
322 151
322 18
322 42
322 324
322 61
322 196
322 4
322 106
322 201
322 107
322 223
322 325
322 87
322 188
322 56
322 291
322 96
322 256
322 133
322 129
322 233
322 113
322 285
322 38
322 72
322 227
322 76
322 98
322 65
322 103
322 60
322 25
322 264
322 222
322 115
322 29
322 218
322 304
322 162
322 132
322 278
322 261
322 128
322 208
322 173
322 68
322 283
322 220
322 269
322 263
322 310
322 114
322 153
322 78
322 2
322 272
322 109
322 184
322 146
322 234
322 155
322 289
322 238
322 270
322 125
322 308
322 170
322 266
322 262
322 130
322 182
322 307
322 75
322 281
322 246
322 138
322 45
322 17
322 88
322 20
322 257
322 148
322 80
322 163
322 3
322 203
322 131
322 199
322 251
322 189
322 226
322 258
322 247
322 50
322 62
322 240
322 43
322 127
322 198
322 33
322 101
322 143
322 94
322 30
322 305
322 231
322 225
322 326
322 37
322 31
322 313
322 117
322 122
322 229
322 64
322 55
322 255
322 216
322 102
322 267
322 77
322 277
322 34
322 86
322 181
322 194
322 280
322 154
322 57
322 249
322 21
322 295
322 10
322 302
322 58
322 311
322 282
322 97
322 36
322 171
322 260
322 253
322 142
322 23
322 235
322 323
322 239
322 124
322 315
322 167
322 187
322 28
322 82
322 84
322 79
322 121
322 209
322 206
322 300
322 81
322 135
322 27
322 236
322 157
322 149
322 160
322 5
322 24
322 118
322 7
322 200
322 139
322 195
322 312
322 44
322 140
322 274
322 204
322 59
322 273
322 147
322 279
322 83
322 175
322 136
322 159
322 298
322 287
322 286
322 259
322 166
322 158
322 141
322 205
322 179
322 35
322 176
322 6
322 221
322 95
322 183
322 293
322 89
322 193
322 244
322 39
322 144
322 245
322 294
322 26
322 207
322 152
322 303
322 165
322 237
322 329
322 13
322 1
322 108
322 53
322 70
322 219
322 172
322 319
322 169
322 69
322 12
322 211
322 15
322 228
322 197
322 296
322 123
322 316
322 16
322 8
322 22
322 214
322 71
322 322
322 14
322 242
322 254
322 230
322 186
322 290
322 215
322 180
322 250
322 297
322 100
322 212
322 161
323 319
323 251
323 268
323 234
323 7
323 19
323 9
323 12
323 21
323 173
323 168
323 51
323 31
323 177
323 24
323 264
323 67
323 243
323 275
323 123
323 235
323 257
323 190
323 128
323 286
323 71
323 108
323 172
323 101
323 310
323 106
323 282
323 143
323 166
323 75
323 117
323 139
323 193
323 240
323 267
323 91
323 74
323 201
323 269
323 324
323 138
323 13
323 328
323 242
323 217
323 261
323 29
323 127
323 114
323 285
323 326
323 184
323 211
323 130
323 66
323 320
323 52
323 313
323 159
323 80
323 126
323 42
323 244
323 307
323 280
323 54
323 292
323 89
323 56
323 215
323 65
323 112
323 155
323 131
323 196
323 63
323 302
323 212
323 53
323 28
323 1
323 82
323 149
323 277
323 10
323 8
323 232
323 229
323 121
323 77
323 163
323 79
323 279
323 23
323 11
323 311
323 105
323 22
323 231
323 287
323 183
323 93
323 18
323 203
323 109
323 136
323 124
323 152
323 230
323 148
323 58
323 99
323 321
323 252
323 64
323 293
323 178
323 33
323 325
323 84
323 323
323 129
323 281
323 171
323 35
323 27
323 221
323 111
323 186
323 195
323 253
323 120
323 312
323 48
323 225
323 72
323 329
323 102
323 165
323 224
323 291
323 300
323 125
323 284
323 69
323 288
323 216
323 214
323 199
324 297
324 253
324 100
324 270
324 323
324 293
324 209
324 273
324 130
324 272
324 113
324 101
324 295
324 56
324 4
324 216
324 81
324 242
324 57
324 194
324 120
324 257
324 73
324 157
324 83
324 64
324 67
324 63
324 99
324 168
324 29
324 304
324 208
324 27
324 98
324 203
324 11
324 176
324 60
324 222
324 181
324 195
324 191
324 71
324 286
324 282
324 68
324 238
324 58
324 94
324 240
324 70
324 142
324 161
324 138
324 85
324 13
324 277
324 325
324 306
324 177
324 135
324 104
324 281
324 285
324 3
324 78
324 271
324 148
324 150
324 280
324 321
324 95
324 312
324 149
324 112
324 255
324 41
324 54
324 133
324 25
324 33
324 44
324 42
324 46
324 174
324 192
324 34
324 90
324 229
324 15
324 21
324 328
324 235
324 122
324 147
324 256
324 114
324 288
324 220
324 45
325 149
325 279
325 2
325 202
325 84
325 209
325 103
325 207
325 29
325 127
325 6
325 308
325 11
325 109
325 198
325 102
325 307
325 27
325 242
325 321
325 17
325 240
325 291
325 260
325 51
325 276
325 18
325 12
325 252
325 104
325 219
325 46
325 208
325 113
325 25
325 171
325 246
325 75
325 48
325 314
325 97
325 79
325 322
325 317
325 318
325 253
325 153
325 324
325 201
325 152
325 95
325 277
325 181
325 316
325 134
325 139
325 315
325 206
325 189
325 101
325 141
325 282
325 259
325 289
325 24
325 185
325 257
325 118
325 36
325 221
325 326
325 320
325 323
325 286
325 162
325 283
325 148
325 298
325 319
325 40
325 266
325 0
325 254
325 176
325 268
325 14
325 90
325 137
325 100
325 182
325 45
325 62
325 77
325 111
325 179
325 150
325 275
325 213
325 210
325 173
325 186
325 50
325 297
325 57
325 3
325 70
325 300
325 20
325 157
325 55
325 288
325 169
325 258
325 193
325 233
325 290
325 30
325 220
325 126
325 147
325 296
325 229
325 154
325 9
325 39
325 99
325 88
325 199
325 196
325 249
325 294
325 285
325 132
325 1
325 197
325 155
325 262
325 267
325 269
325 19
325 312
325 60
325 144
325 28
325 284
325 31
325 71
325 160
325 74
325 117
325 271
325 215
325 217
325 10
325 89
325 83
325 170
325 136
325 65
325 124
325 22
325 98
325 205
325 61
325 232
325 82
325 119
325 110
325 165
325 223
325 105
325 130
325 278
325 64
325 329
325 68
325 305
325 251
325 52
325 4
325 293
325 234
325 91
325 80
325 96
325 140
325 107
325 76
325 231
325 72
325 34
325 292
325 33
325 295
325 250
325 224
325 13
325 243
326 277
326 233
326 289
326 210
326 130
326 160
326 190
326 20
326 229
326 234
326 1
326 77
326 121
326 288
326 263
326 152
326 219
326 264
326 266
326 57
326 58
326 173
326 278
326 211
326 115
326 22
326 184
326 321
326 112
326 119
326 32
326 12
326 248
326 51
326 107
326 260
326 120
326 118
326 127
326 73
326 261
326 44
326 124
326 91
326 151
326 174
326 47
326 287
326 220
326 111
326 317
326 90
326 85
326 43
326 256
326 302
326 87
326 29
326 245
326 82
326 31
326 106
326 97
326 191
326 79
326 0
326 272
326 250
326 292
326 117
326 66
326 214
326 183
326 273
326 142
326 88
326 257
326 42
326 200
326 247
326 86
326 76
326 285
326 274
326 159
326 320
326 140
326 84
326 259
326 308
326 244
326 196
326 284
326 199
326 70
326 143
326 149
326 161
326 235
326 19
326 228
326 303
326 64
326 197
326 275
326 325
326 146
326 246
326 270
326 7
326 180
326 164
326 271
326 25
326 294
326 251
326 24
326 198
326 165
326 168
326 11
326 237
326 125
326 16
326 212
326 123
326 52
326 104
326 6
326 215
326 126
326 26
326 297
326 189
326 48
326 27
326 83
326 89
326 8
326 316
326 171
326 18
326 224
326 227
326 236
326 232
326 166
326 306
326 80
326 326
326 192
326 225
326 241
326 208
326 139
326 195
326 95
326 17
326 102
327 302
327 10
327 74
327 48
327 107
327 228
327 114
327 182
327 309
327 200
327 59
327 306
327 132
327 310
327 320
327 39
327 169
327 125
327 110
327 131
327 29
327 279
327 67
327 224
327 2
327 305
327 71
327 30
327 118
327 139
327 222
327 186
327 99
327 17
327 80
327 220
327 179
327 264
327 5
327 313
327 90
327 52
327 94
327 259
327 326
327 209
327 251
327 109
327 226
327 257
327 240
327 57
327 11
327 312
327 213
327 143
327 173
327 84
327 308
327 324
327 250
327 197
327 225
327 319
327 262
327 236
327 184
327 69
327 175
327 47
327 153
327 21
327 201
327 23
327 198
327 234
327 108
327 211
327 316
327 51
327 154
327 86
327 261
327 124
327 249
327 43
327 105
327 130
327 242
327 290
327 202
327 217
327 147
327 162
327 72
327 299
327 34
327 183
327 181
327 117
327 297
327 46
327 9
327 97
327 300
327 38
327 78
327 187
327 223
327 172
327 254
327 231
327 36
327 192
327 235
327 221
327 329
327 263
327 33
327 32
327 268
327 135
327 303
327 144
327 327
327 270
327 328
327 93
327 286
327 31
327 137
327 293
327 294
327 156
327 127
327 65
327 7
327 278
327 229
327 188
327 152
327 14
327 271
327 321
327 243
327 85
327 272
327 307
327 289
327 82
327 8
327 26
327 55
327 288
327 19
327 227
327 25
327 191
327 157
327 104
327 252
327 164
327 165
327 128
327 49
327 215
327 145
327 1
327 133
327 134
327 98
327 42
327 199
327 92
327 102
327 304
327 88
327 295
327 68
327 267
327 123
327 255
327 151
327 62
327 35
327 146
327 190
327 87
327 253
327 178
327 208
327 122
327 20
327 311
327 323
327 0
327 113
327 244
327 219
327 66
327 81
327 317
327 83
327 73
327 116
327 91
327 218
327 6
327 322
327 168
327 180
327 64
327 126
327 266
327 247
327 89
327 291
327 142
327 15
327 275
327 212
327 277
327 230
327 174
327 41
327 155
327 265
327 112
327 314
327 281
327 150
327 44
327 258
327 136
327 193
327 284
327 70
327 170
327 40
327 149
327 4
327 177
327 163
327 101
327 203
327 77
327 185
327 120
327 274
327 24
327 12
327 60
327 54
327 115
327 95
327 129
327 292
327 245
327 18
327 260
327 96
327 75
327 167
328 23
328 45
328 174
328 118
328 139
328 277
328 199
328 149
328 274
328 4
328 63
328 207
328 204
328 108
328 112
328 136
328 3
328 287
328 289
328 291
328 185
328 92
328 324
328 295
328 121
328 158
328 137
328 317
328 167
328 238
328 42
328 12
328 256
328 99
328 115
328 104
328 67
328 75
328 227
328 189
328 57
328 261
328 219
328 11
328 303
328 299
328 15
328 179
328 160
328 124
328 318
328 257
328 286
328 123
328 152
328 145
328 94
328 271
328 140
328 230
328 69
328 31
328 229
328 328
328 128
328 50
328 236
328 95
328 74
328 241
328 186
328 250
328 170
328 34
328 102
328 43
328 171
328 195
328 300
328 292
328 131
328 161
328 100
328 141
328 146
328 48
328 278
328 169
328 126
328 234
328 176
328 103
328 184
328 226
328 6
328 164
328 266
328 273
328 215
328 192
328 19
328 243
328 187
328 260
328 276
328 129
328 132
328 68
328 24
328 70
328 73
328 30
328 301
328 249
328 122
328 27
328 62
328 263
328 168
328 191
328 165
328 233
328 88
328 268
328 206
328 98
328 157
328 28
328 107
328 93
328 8
328 154
328 61
328 198
328 111
328 32
328 159
328 288
328 22
329 3
329 49
329 287
329 191
329 163
329 301
329 138
329 96
329 52
329 268
329 70
329 296
329 211
329 64
329 33
329 217
329 188
329 235
329 61
329 133
329 34
329 247
329 109
329 312
329 284
329 42
329 110
329 88
329 157
329 116
329 177
329 186
329 82
329 234
329 297
329 97
329 100
329 257
329 214
329 167
329 288
329 153
329 269
329 295
329 172
329 114
329 113
329 226
329 220
329 303
329 212
329 127
329 210
329 271
329 281
329 236
329 183
329 162
329 135
329 81
329 57
329 196
329 179
329 164
329 10
329 275
329 85
329 24
329 69
329 38
329 144
329 36
329 122
329 304
329 141
329 195
329 126
329 35
329 62
329 23
329 92
329 305
329 249
329 317
329 215
329 259
329 74
329 324
329 169
329 276
329 32
329 308
329 146
329 41
329 289
329 237
329 115
329 155
329 246
329 11
329 198
329 8
329 213
329 302
329 71
329 121
329 175
329 9
329 142
329 292
329 107
329 320
329 89
329 307
329 218
329 72
329 130
329 193
329 15
329 13
329 40
329 68
329 80
329 159
329 132
329 230
329 37
329 279
329 102
329 46
329 18
329 95
329 173
329 285
329 326
329 16
329 66
329 105
329 252
329 27
329 319
329 73
329 6
329 67
329 7
329 119
329 1
329 194
329 181
329 239
329 277
329 93
329 261
329 148
329 216
329 251
329 250
329 184
329 313
329 98
329 26
329 189
329 253
329 242
329 280
329 45
329 136
329 158
329 176
329 328
329 180
329 123
329 125
329 111
329 56
329 20
329 106
329 161
329 316
329 209
329 75
329 151
329 21
329 290
329 140
329 248
329 51
329 124
329 267
329 309
329 58
329 99
329 224
329 282
329 54
329 22
329 274
329 243
329 200
329 314
329 315
329 255
329 231
329 47
329 14
329 149
329 185
329 91
329 83
329 152
329 322
329 117
329 63
329 254
329 262
329 229
329 139
329 128
329 283
329 306
329 4
329 31
329 329
329 108
329 323
329 53
329 273
329 84
329 101
329 225
329 232
329 55
329 208
329 43
329 50
329 238
329 256
329 310
329 28
329 118
329 103
329 318
329 182
329 291
329 221
329 293
329 112
329 104
329 87
329 286
329 76
329 265
329 207
329 120
329 60
329 19
329 294
329 77
329 266
329 311
329 129
329 145
329 90
329 270
329 160
329 298
329 187
329 86
329 0
329 171
329 59
329 206
329 165
329 147
329 272
329 5
329 2
329 201
329 137
329 44
