330
239 248
32 256
157 106
47 239
259 109
172 169
286 103
57 71
269 7
208 227
56 11
45 275
171 147
164 221
231 160
33 216
139 13
27 72
240 104
21 17
29 203
60 152
183 250
106 136
245 275
252 139
102 207
105 4
132 110
174 228
285 12
139 6
241 18
292 191
115 279
87 114
179 33
123 260
297 87
130 209
43 85
144 80
114 188
136 42
296 143
8 153
92 17
258 137
150 72
99 67
91 124
58 213
242 226
42 188
33 163
155 204
234 292
165 48
48 10
275 283
270 262
253 272
188 291
257 26
57 272
256 218
255 150
135 178
183 51
142 116
26 76
288 101
154 275
96 47
276 279
48 216
37 107
223 186
248 179
109 266
39 268
186 200
194 150
53 174
240 85
205 281
6 133
110 158
87 94
88 53
2 12
107 137
297 296
268 80
146 106
71 35
33 109
176 266
299 240
108 278
252 144
170 23
46 81
247 16
240 15
97 52
246 254
138 40
176 249
256 256
182 196
43 275
196 258
104 92
134 177
150 142
252 299
0 210
79 18
106 257
76 122
299 158
6 292
152 80
106 284
234 146
194 167
197 48
128 188
42 280
191 241
161 256
237 161
229 33
90 175
195 158
132 292
79 208
297 219
40 209
289 195
254 95
234 202
176 172
277 46
30 38
112 107
2 265
22 41
182 181
87 175
17 4
13 255
96 22
164 0
111 190
129 296
285 221
125 97
182 25
118 0
230 37
291 181
135 71
52 90
170 87
143 167
234 187
50 19
222 50
269 87
206 287
140 151
199 252
296 280
25 128
3 252
251 233
248 15
24 114
207 109
159 51
218 234
111 72
48 82
253 282
250 29
78 226
35 70
119 35
283 210
52 1
90 238
50 176
76 99
205 218
171 34
19 137
45 175
131 241
198 205
100 146
65 147
159 33
178 282
263 120
13 143
56 297
251 287
9 287
172 124
236 14
175 201
140 46
8 266
189 17
266 75
56 272
198 286
291 49
126 186
243 21
260 282
52 206
40 72
188 213
132 19
21 50
26 179
27 265
281 293
260 155
63 28
228 129
150 143
39 119
234 76
253 153
176 298
233 38
256 122
249 254
126 173
9 256
298 84
276 287
44 159
237 211
281 60
59 249
0 267
277 49
37 238
224 238
297 122
99 283
67 118
59 167
253 218
263 3
6 166
112 211
82 268
153 189
112 104
9 12
244 139
47 154
17 124
256 192
222 222
63 137
209 261
65 148
258 296
214 24
53 168
115 11
51 187
171 156
36 88
26 14
205 224
98 61
129 3
231 187
274 144
128 14
273 11
249 81
238 299
281 216
149 265
210 89
21 72
48 243
188 63
180 11
123 195
194 6
214 284
88 183
227 134
143 227
249 212
49 69
217 85
270 216
14 275
141 92
298 84
183 107
299 109
180 231
14 240
100 90
185 16
187 139
213 138
135 42
60 177
166 141
90 65
246 52
43 146
18 212
112 169
30 283
8 17
161 70
112 36
46 222
282 260
238 0
206 66
109 114
62 262
235 24
255 70
286 267
256 216
29 161
290 215
192 297
157 242
48 152
178 201
59 132
212 40
112 55
173 144
230 190
125 5
182 202
208 89
295 21
220 51
245 13
1 290
84 164
256 236
198 278
87 225
276 55
151 168
119 170
10 132
179 195
280 245
147 46
220 185
213 68
245 56
184 232
169 46
184 156
219 149
9 137
193 68
127 297
34 240
171 5
145 122
78 185
256 216
186 210
88 185
279 103
256 163
257 266
70 6
138 48
85 215
214 98
266 38
2 276
114 213
212 191
121 206
2 81
275 115
47 19
55 43
189 90
239 91
292 221
3 219
264 234
106 203
142 277
0 146
280 30
91 253
124 295
251 225
150 78
133 142
223 18
17 282
109 165
164 284
224 210
129 198
111 227
13 150
155 280
209 130
144 8
129 57
13 154
50 189
206 222
156 221
79 100
292 107
284 7
282 219
268 70
292 123
104 223
154 264
269 215
179 159
64 32
133 58
265 85
40 171
267 70
122 90
250 114
73 95
103 91
295 100
265 68
214 29
261 49
15 8
35 289
216 111
162 138
14 293
181 268
33 281
45 223
69 73
21 239
152 162
251 15
104 211
299 166
60 264
185 278
106 250
8 169
48 122
142 284
19 254
279 211
185 112
249 29
270 118
176 242
19 297
132 197
31 60
198 273
186 218
30 132
27 98
284 227
21 17
208 144
244 14
184 79
29 58
141 169
89 120
226 2
140 185
169 54
216 283
295 265
53 138
46 240
211 105
14 153
256 10
244 167
215 225
180 9
280 11
262 213
207 7
211 120
103 90
271 153
86 139
185 85
224 8
192 93
138 147
294 50
191 282
274 16
49 90
147 93
217 236
138 150
123 216
173 192
144 21
191 234
6 167
233 214
233 5
132 57
223 78
228 98
287 32
106 84
188 217
64 137
238 210
261 195
238 129
13 167
49 177
240 11
299 120
180 117
126 140
200 168
187 165
268 295
222 207
234 77
8 136
297 98
291 250
242 76
101 197
11 272
228 252
292 51
40 284
205 70
281 258
42 205
192 87
227 276
149 3
127 83
104 106
152 294
184 203
43 182
43 226
235 120
162 36
54 21
132 158
274 54
102 127
33 132
262 123
67 100
235 39
192 206
149 283
111 186
259 21
76 104
175 151
9 286
232 69
16 14
151 218
163 227
88 195
70 14
69 299
164 221
275 214
208 280
126 273
239 243
57 107
189 237
71 275
172 61
18 289
71 154
68 154
145 276
75 22
240 21
298 223
151 25
276 33
235 258
143 254
164 273
39 231
217 161
18 89
0 82
270 243
19 265
246 183
270 34
256 92
60 185
193 192
223 50
222 208
102 75
10 75
40 235
103 35
12 101
242 163
209 235
165 277
136 226
9 30
2 181
174 93
193 256
268 269
134 75
209 134
170 187
105 232
74 224
256 194
151 58
217 216
30 32
23 101
23 97
194 98
43 16
191 276
45 213
298 38
58 286
62 245
62 82
202 215
137 229
175 69
7 216
137 258
63 271
217 128
230 18
68 297
31 104
33 191
227 264
87 239
27 120
216 240
179 170
186 234
48 272
37 225
116 223
73 7
102 256
138 191
55 184
28 160
203 199
104 194
0 12
4 267
47 179
284 83
284 146
233 16
228 13
226 228
94 48
100 182
37 209
254 131
216 298
171 229
147 242
187 29
192 100
103 257
284 21
91 181
263 126
173 82
34 241
212 116
250 13
198 274
227 142
26 162
199 295
141 213
17 232
5 188
186 32
212 239
132 229
188 140
59 64
120 92
69 229
210 145
263 2
233 284
160 16
116 110
185 244
252 232
35 175
170 44
96 267
99 267
50 48
39 286
287 138
286 275
61 270
208 8
38 241
9 142
169 268
156 229
43 22
282 21
52 106
200 262
298 186
9 23
173 206
183 273
215 11
260 222
124 90
276 234
30 54
294 105
240 14
202 291
207 265
147 21
101 186
211 178
155 41
85 1
208 103
272 157
30 275
172 162
290 31
45 58
157 298
26 18
88 128
154 250
222 96
51 139
114 277
289 61
108 268
155 59
289 175
184 49
168 58
126 216
115 209
65 166
273 166
191 161
207 96
164 79
71 22
98 86
17 185
231 144
240 289
199 153
126 141
8 141
130 117
6 12
162 52
235 117
127 73
272 64
295 46
201 291
69 114
0 88
201 288
263 36
120 75
288 239
8 14
109 212
65 297
266 194
262 12
110 37
287 109
182 104
159 150
8 125
238 53
42 171
267 129
39 2
220 295
1 253
103 295
64 101
32 72
84 87
241 43
179 295
152 75
165 169
90 105
25 9
58 160
29 124
248 93
101 221
107 133
15 171
113 139
75 261
235 58
100 254
133 268
228 43
225 186
172 202
114 184
288 202
85 91
112 137
98 148
132 125
12 281
171 134
217 94
55 288
134 1
123 13
162 211
163 41
273 56
218 220
217 266
4 111
55 22
180 11
172 174
265 202
68 13
14 57
287 123
294 219
31 139
215 144
195 206
21 151
250 153
207 105
51 142
203 75
53 88
300 234
300 242
300 261
300 60
300 86
300 280
300 229
300 25
300 8
300 208
300 72
300 88
300 91
300 113
300 33
300 240
300 54
300 254
300 181
300 186
300 52
300 208
300 110
300 33
300 135
300 75
300 205
300 190
300 159
300 235
301 263
301 220
301 236
301 190
301 221
301 170
301 98
301 288
301 264
301 258
301 126
301 63
301 65
301 22
301 73
301 3
301 282
301 219
301 164
301 135
301 54
301 39
301 272
301 69
301 278
301 243
301 72
301 22
301 261
301 32
302 195
302 72
302 192
302 37
302 24
302 207
302 62
302 99
302 262
302 189
302 123
302 188
302 21
302 237
302 43
302 168
302 75
302 221
302 74
302 220
302 225
302 282
302 19
302 44
302 94
302 29
302 112
302 108
302 208
302 134
303 217
303 259
303 52
303 120
303 67
303 26
303 217
303 256
303 122
303 190
303 121
303 287
303 76
303 101
303 156
303 288
303 76
303 193
303 109
303 1
303 37
303 186
303 160
303 93
303 7
303 183
303 139
303 121
303 26
303 84
304 90
304 87
304 192
304 41
304 44
304 158
304 209
304 93
304 182
304 92
304 108
304 134
304 191
304 110
304 35
304 33
304 31
304 201
304 124
304 286
304 197
304 58
304 197
304 90
304 91
304 47
304 108
304 125
304 210
304 85
305 102
305 291
305 15
305 112
305 198
305 200
305 182
305 175
305 183
305 285
305 280
305 127
305 23
305 43
305 131
305 73
305 143
305 290
305 67
305 140
305 292
305 218
305 285
305 138
305 211
305 255
305 76
305 48
305 183
305 185
306 55
306 16
306 261
306 23
306 116
306 37
306 295
306 66
306 269
306 206
306 118
306 95
306 291
306 265
306 254
306 93
306 283
306 206
306 242
306 246
306 269
306 278
306 276
306 284
306 232
306 247
306 280
306 239
306 215
306 253
307 141
307 259
307 193
307 183
307 226
307 25
307 112
307 209
307 218
307 105
307 83
307 253
307 6
307 235
307 9
307 15
307 246
307 255
307 295
307 163
307 13
307 207
307 176
307 105
307 73
307 224
307 169
307 153
307 34
307 195
308 239
308 170
308 299
308 37
308 124
308 24
308 144
308 51
308 36
308 81
308 274
308 126
308 219
308 268
308 280
308 288
308 215
308 176
308 247
308 82
308 214
308 212
308 100
308 62
308 68
308 207
308 171
308 8
308 39
308 160
309 192
309 216
309 65
309 230
309 16
309 185
309 208
309 220
309 96
309 100
309 138
309 184
309 224
309 254
309 20
309 223
309 55
309 33
309 120
309 100
309 128
309 92
309 151
309 184
309 291
309 94
309 158
309 221
309 16
309 107
310 108
310 167
310 98
310 44
310 132
310 139
310 299
310 4
310 20
310 41
310 276
310 218
310 263
310 270
310 30
310 191
310 75
310 247
310 256
310 247
310 294
310 127
310 79
310 207
310 29
310 14
310 196
310 82
310 161
310 166
311 144
311 33
311 55
311 287
311 133
311 57
311 9
311 0
311 185
311 272
311 83
311 162
311 43
311 83
311 204
311 226
311 85
311 37
311 289
311 242
311 217
311 276
311 253
311 200
311 175
311 83
311 0
311 47
311 281
311 268
312 132
312 49
312 203
312 253
312 229
312 57
312 1
312 236
312 82
312 15
312 103
312 144
312 77
312 167
312 51
312 161
312 132
312 173
312 10
312 0
312 143
312 171
312 52
312 194
312 41
312 46
312 27
312 100
312 37
312 219
313 292
313 0
313 181
313 142
313 34
313 285
313 292
313 110
313 88
313 101
313 12
313 256
313 200
313 145
313 113
313 12
313 256
313 237
313 196
313 25
313 235
313 173
313 208
313 126
313 103
313 20
313 69
313 44
313 0
313 42
314 207
314 219
314 139
314 51
314 266
314 142
314 243
314 159
314 30
314 29
314 198
314 222
314 267
314 214
314 255
314 127
314 295
314 77
314 95
314 122
314 202
314 44
314 50
314 86
314 154
314 162
314 164
314 225
314 140
314 57
105 315
237 315
108 315
22 315
272 315
218 315
56 315
200 315
133 315
164 315
238 315
173 315
167 315
213 315
135 315
228 315
258 315
4 315
49 315
83 315
237 315
139 315
267 315
245 315
228 315
137 315
119 315
221 315
283 315
204 315
48 316
145 316
177 316
86 316
194 316
196 316
15 316
285 316
73 316
224 316
224 316
57 316
85 316
284 316
244 316
90 316
5 316
276 316
169 316
262 316
230 316
190 316
218 316
174 316
47 316
199 316
28 316
95 316
60 316
110 316
128 317
128 317
243 317
152 317
109 317
258 317
167 317
186 317
190 317
175 317
206 317
161 317
36 317
163 317
249 317
257 317
57 317
210 317
130 317
59 317
52 317
145 317
201 317
69 317
41 317
10 317
138 317
95 317
274 317
79 317
82 318
178 318
243 318
171 318
186 318
268 318
185 318
163 318
143 318
273 318
102 318
160 318
104 318
54 318
157 318
134 318
131 318
98 318
44 318
88 318
55 318
40 318
278 318
115 318
94 318
143 318
59 318
36 318
257 318
85 318
205 319
110 319
230 319
244 319
64 319
109 319
65 319
164 319
263 319
297 319
98 319
7 319
15 319
264 319
238 319
169 319
182 319
193 319
245 319
249 319
266 319
279 319
236 319
175 319
14 319
186 319
133 319
217 319
28 319
228 319
191 320
2 320
98 320
43 320
72 320
121 320
225 320
193 320
192 320
5 320
256 320
168 320
285 320
15 320
84 320
29 320
47 320
2 320
24 320
53 320
175 320
190 320
196 320
146 320
113 320
212 320
276 320
133 320
51 320
263 320
35 321
104 321
231 321
52 321
75 321
169 321
145 321
202 321
126 321
8 321
180 321
38 321
67 321
194 321
232 321
288 321
280 321
158 321
47 321
62 321
106 321
3 321
215 321
115 321
73 321
198 321
179 321
59 321
164 321
82 321
59 322
101 322
7 322
258 322
170 322
83 322
176 322
94 322
180 322
24 322
80 322
88 322
284 322
249 322
219 322
71 322
203 322
33 322
78 322
37 322
125 322
122 322
124 322
278 322
82 322
290 322
244 322
299 322
207 322
240 322
70 323
265 323
114 323
37 323
184 323
65 323
180 323
125 323
212 323
94 323
101 323
209 323
243 323
27 323
125 323
104 323
144 323
224 323
51 323
12 323
27 323
127 323
7 323
251 323
284 323
200 323
104 323
172 323
270 323
62 323
266 324
17 324
157 324
256 324
141 324
91 324
182 324
266 324
272 324
113 324
290 324
139 324
203 324
277 324
208 324
245 324
186 324
159 324
153 324
31 324
227 324
150 324
89 324
236 324
93 324
120 324
221 324
94 324
78 324
19 324
217 325
207 325
298 325
88 325
124 325
82 325
43 325
187 325
215 325
222 325
117 325
276 325
216 325
205 325
199 325
139 325
175 325
248 325
87 325
147 325
185 325
17 325
181 325
215 325
157 325
263 325
276 325
183 325
80 325
278 325
15 326
160 326
213 326
102 326
83 326
259 326
229 326
210 326
84 326
127 326
4 326
47 326
153 326
104 326
170 326
45 326
147 326
161 326
109 326
245 326
226 326
139 326
125 326
226 326
128 326
279 326
48 326
114 326
31 326
229 326
190 327
129 327
45 327
54 327
85 327
177 327
172 327
200 327
6 327
104 327
140 327
238 327
154 327
117 327
59 327
95 327
259 327
248 327
247 327
99 327
153 327
155 327
206 327
281 327
199 327
176 327
191 327
53 327
171 327
1 327
84 328
117 328
192 328
229 328
107 328
112 328
268 328
208 328
193 328
262 328
43 328
159 328
235 328
290 328
12 328
46 328
14 328
270 328
142 328
65 328
120 328
220 328
231 328
182 328
30 328
6 328
245 328
70 328
221 328
91 328
166 329
210 329
246 329
279 329
63 329
75 329
15 329
3 329
96 329
85 329
241 329
281 329
238 329
115 329
246 329
294 329
91 329
150 329
220 329
266 329
234 329
114 329
254 329
88 329
25 329
260 329
172 329
19 329
258 329
5 329
