300
83 299
179 24
15 104
79 37
284 208
143 1
45 258
101 152
181 46
181 150
54 24
220 246
291 11
269 101
211 33
223 184
148 32
267 263
228 138
150 12
100 275
131 51
57 204
142 70
43 110
39 199
52 51
158 99
234 164
115 105
224 73
39 150
131 173
146 106
126 227
180 194
241 134
16 73
45 277
140 209
68 296
198 167
64 31
106 172
8 155
182 102
247 201
283 89
118 231
25 211
147 92
287 247
169 52
62 201
143 81
57 156
46 178
201 251
250 146
9 138
271 10
298 184
270 171
0 257
48 9
188 16
74 10
82 111
257 191
114 170
119 110
61 29
260 76
269 5
261 223
82 137
285 222
66 291
108 137
17 98
195 156
188 37
19 130
16 25
272 193
79 57
151 115
165 133
65 294
82 222
113 132
240 77
183 23
142 235
66 105
61 189
232 82
223 31
284 168
95 13
27 43
199 185
179 239
239 101
136 124
42 87
228 274
204 216
15 239
289 102
175 54
169 68
166 153
180 245
95 71
178 53
114 190
220 233
122 103
196 292
227 205
110 60
29 288
12 66
214 206
125 112
135 57
23 152
67 262
31 7
159 45
15 8
73 259
126 232
194 283
2 96
293 194
34 86
187 149
50 47
214 130
34 88
46 73
271 79
292 185
140 188
146 141
277 146
277 95
5 167
32 154
177 125
77 82
113 283
56 25
149 162
1 17
283 8
278 121
197 129
291 244
294 282
26 297
15 187
232 33
12 49
97 53
93 28
199 154
71 167
36 238
235 153
185 294
48 220
138 167
83 218
116 70
126 237
146 22
71 37
134 200
37 235
244 165
41 240
32 140
228 122
80 178
98 219
53 291
99 220
52 208
202 103
276 147
199 17
144 75
191 56
84 29
72 36
108 87
216 186
162 26
15 87
17 59
121 204
266 40
59 149
30 26
288 172
187 109
100 284
69 209
241 143
276 248
47 289
168 269
78 159
112 39
146 136
261 51
277 70
240 59
219 254
25 213
286 206
287 115
213 157
70 288
0 84
58 149
41 11
176 221
188 259
59 108
78 217
191 87
113 138
93 0
143 130
45 273
270 10
34 198
254 143
167 283
220 287
76 31
271 26
75 107
209 28
212 297
46 276
201 45
1 204
277 84
41 132
61 95
144 133
177 282
298 53
88 45
173 186
287 111
255 69
80 7
2 241
270 116
162 154
234 6
64 234
73 201
122 166
275 8
11 248
0 284
66 275
91 43
62 23
143 120
147 161
241 152
174 285
154 9
201 155
185 283
83 234
74 289
15 56
268 2
21 16
40 287
100 140
55 86
213 298
61 168
51 261
80 42
22 106
219 207
54 195
82 33
72 186
230 188
71 280
29 229
290 25
86 184
2 254
142 221
42 109
260 183
9 295
97 29
34 133
32 272
264 221
37 131
31 74
80 171
38 88
144 85
2 95
249 3
53 104
48 196
92 48
273 33
62 258
62 284
280 77
230 199
225 108
279 137
77 271
250 45
209 188
279 52
176 73
2 5
209 246
113 211
252 85
38 8
88 91
71 135
66 209
256 105
72 228
58 119
43 208
131 130
250 115
122 28
216 88
9 255
68 57
115 230
145 224
162 198
14 231
186 178
72 3
65 291
227 1
224 164
60 121
131 215
196 169
108 131
230 290
111 270
115 76
239 285
197 35
159 224
104 143
142 266
60 162
106 172
140 109
181 261
6 162
99 86
31 127
120 66
128 64
104 242
38 206
16 236
72 55
65 260
122 217
33 273
258 222
178 291
88 299
17 256
237 198
228 128
234 138
57 85
296 12
277 235
123 103
43 220
193 270
25 23
68 149
179 33
118 119
170 201
60 248
9 183
291 275
233 205
3 183
187 206
238 118
239 60
26 228
173 273
30 172
260 238
90 92
152 250
154 43
259 30
212 213
204 74
60 264
99 115
58 219
68 117
2 83
211 117
11 287
183 17
64 90
203 283
175 83
295 189
247 60
298 10
196 250
71 137
151 175
13 117
117 89
249 51
176 38
294 223
172 137
216 238
232 189
115 99
205 145
3 239
133 111
177 92
71 111
30 119
208 254
56 36
40 115
138 236
157 128
118 9
25 168
98 23
237 161
73 88
102 166
288 48
259 88
247 226
80 115
61 231
18 246
291 240
159 263
156 121
101 178
62 287
281 263
231 284
245 169
235 176
34 150
111 41
20 281
35 128
207 293
179 58
88 244
6 298
178 280
57 78
244 25
147 7
181 32
158 152
142 86
277 153
107 241
294 6
266 103
23 8
111 209
92 243
198 102
44 102
244 213
30 175
298 233
205 169
24 18
206 45
84 297
107 93
123 233
6 156
189 190
210 184
27 58
125 39
131 130
103 179
0 93
65 230
123 178
131 30
155 285
205 11
206 178
59 242
22 39
226 167
279 73
237 168
252 36
135 48
172 59
14 262
109 5
10 234
173 108
196 270
36 271
77 253
113 255
249 87
90 250
74 95
261 129
203 221
98 83
278 219
189 191
191 50
254 226
289 251
221 285
243 242
87 225
206 217
250 229
21 193
52 56
128 160
102 4
43 294
225 8
73 39
286 208
58 32
215 238
2 98
251 191
163 96
9 16
77 165
37 89
155 226
28 55
104 11
199 114
186 234
246 286
228 283
31 170
153 295
113 220
198 293
234 217
135 274
173 114
296 120
289 85
62 38
74 23
219 164
132 216
190 71
10 222
45 48
157 82
99 299
142 212
22 77
272 124
45 183
93 249
181 83
3 187
143 236
94 74
230 215
206 159
147 77
54 106
298 164
142 138
259 234
65 255
143 23
222 280
187 245
265 248
228 29
126 215
31 124
129 79
40 129
54 109
68 4
39 126
191 68
61 135
164 47
287 4
245 203
289 274
228 116
191 38
155 275
193 44
202 219
114 75
86 101
23 246
239 187
253 270
85 170
116 171
10 47
11 220
209 246
205 297
57 285
65 34
16 128
148 185
68 40
22 139
0 197
236 241
154 38
196 293
103 76
236 209
139 80
257 135
153 58
266 209
101 150
153 93
199 198
126 39
39 178
73 41
44 67
24 1
225 199
229 66
10 202
57 20
286 290
66 289
260 27
61 172
224 58
224 54
285 0
26 129
58 233
121 172
224 228
132 197
260 282
12 295
68 152
175 106
111 141
271 48
78 95
269 165
196 135
279 39
97 118
48 204
23 135
17 143
69 134
211 161
126 275
8 18
165 177
173 284
95 225
151 291
286 111
25 167
238 79
138 243
215 252
110 121
270 31
47 168
0 213
272 60
178 230
63 173
218 5
26 162
118 237
153 175
53 257
72 122
141 236
11 189
166 35
237 198
38 256
245 109
59 76
119 147
268 22
163 50
56 149
76 279
215 34
193 278
150 47
281 271
265 43
244 161
293 232
127 147
209 168
79 111
225 107
62 84
28 82
65 107
273 291
187 19
194 159
131 111
157 103
247 71
202 156
233 14
97 104
293 177
122 72
13 99
197 130
201 139
128 112
204 68
157 134
174 112
246 46
21 206
233 107
262 173
232 141
120 159
254 255
276 77
162 204
145 254
154 242
82 66
7 266
274 93
193 38
4 94
116 203
134 84
263 127
262 290
132 155
164 218
206 152
238 168
222 101
121 72
95 229
235 146
182 11
281 224
148 226
74 54
155 258
161 195
285 213
47 133
179 284
179 158
30 220
226 236
45 144
21 185
144 253
181 218
131 62
178 208
220 65
65 52
50 95
286 30
83 80
180 117
117 275
258 4
279 109
113 37
235 170
120 66
41 117
117 274
151 193
173 291
170 125
272 211
21 154
236 213
66 52
257 56
2 226
65 217
99 39
214 177
48 266
128 5
201 100
274 237
288 121
201 289
28 108
2 282
1 11
207 163
115 294
255 16
223 163
1 54
221 121
174 67
56 135
1 161
148 74
55 106
248 167
92 236
268 157
256 193
85 31
61 38
1 105
152 61
100 284
53 203
30 51
39 154
84 38
229 294
30 188
240 182
278 189
92 200
268 136
182 61
158 98
107 45
192 1
227 55
146 87
207 92
102 79
189 24
