330
15 15
0 35 
0 184 
0 222 
0 227 
0 295 
0 317 
1 51 
1 130 
1 158 
1 243 
1 315 
1 316 
1 323 
1 327 
2 6 
2 91 
2 101 
2 106 
2 228 
2 269 
2 315 
2 328 
3 250 
3 256 
4 18 
4 324 
5 11 
5 19 
5 104 
5 158 
6 61 
6 85 
6 99 
6 137 
7 55 
7 179 
7 317 
7 320 
8 273 
8 318 
8 321 
8 322 
9 122 
9 128 
9 185 
9 208 
9 212 
9 321 
9 322 
10 150 
10 297 
10 322 
12 6 
12 28 
12 36 
12 80 
12 93 
12 111 
13 18 
13 65 
13 102 
13 231 
13 244 
13 320 
13 324 
14 44 
14 224 
14 316 
14 325 
15 315 
15 322 
16 59 
16 60 
16 179 
16 183 
16 320 
17 3 
17 24 
17 30 
17 73 
17 149 
18 26 
18 66 
18 210 
18 295 
19 119 
19 222 
19 228 
19 255 
20 285 
20 326 
21 91 
21 129 
21 321 
21 324 
21 325 
22 49 
22 82 
22 201 
22 272 
22 323 
23 108 
23 113 
23 323 
24 75 
24 114 
24 181 
24 278 
24 319 
25 88 
25 94 
25 326 
26 232 
26 254 
27 102 
27 151 
27 258 
27 280 
28 43 
28 230 
28 233 
28 315 
29 18 
29 30 
29 48 
29 81 
29 188 
29 202 
29 317 
30 6 
30 326 
31 34 
31 164 
32 63 
32 207 
32 320 
33 273 
33 298 
33 315 
34 212 
34 221 
34 316 
34 320 
35 15 
35 285 
35 299 
35 324 
35 326 
35 327 
36 255 
36 316 
36 325 
37 34 
37 294 
37 324 
38 234 
38 317 
38 320 
39 5 
39 109 
39 120 
39 247 
39 295 
39 318 
39 326 
40 4 
40 56 
40 77 
40 248 
40 286 
40 321 
40 329 
41 61 
41 215 
41 260 
41 321 
42 190 
42 319 
42 321 
42 325 
42 329 
43 42 
43 133 
43 163 
43 175 
43 324 
43 325 
43 326 
43 329 
44 151 
44 279 
45 240 
45 328 
46 282 
47 32 
48 14 
48 18 
48 60 
48 116 
48 287 
48 326 
49 38 
49 104 
49 195 
50 83 
50 189 
50 328 
51 44 
51 262 
52 204 
52 315 
52 321 
52 327 
53 61 
53 62 
53 71 
53 112 
53 326 
54 138 
54 240 
54 244 
54 317 
54 323 
54 325 
55 136 
55 189 
55 232 
56 272 
56 321 
56 328 
57 326 
57 327 
58 59 
58 155 
58 319 
59 188 
59 288 
59 326 
59 328 
60 191 
60 321 
61 150 
61 174 
61 253 
62 41 
62 52 
62 202 
62 318 
63 173 
63 283 
64 72 
64 324 
65 76 
65 179 
65 218 
65 283 
66 131 
66 176 
66 217 
66 221 
67 15 
67 320 
67 326 
68 46 
68 53 
68 107 68 107 
68 131 
68 199 
68 209 
68 317 
68 329 
69 65 
69 143 
69 198 
70 8 
70 16 
70 33 
70 106 
70 160 
70 177 
70 215 
70 324 
70 327 
71 39 
71 96 
71 153 
71 237 
71 245 
71 318 
72 152 
72 175 
72 178 
72 321 
72 323 
72 325 
73 30 
73 132 
73 198 
73 320 
73 323 
73 328 
74 145 
74 252 
74 315 
75 316 
75 319 
75 325 
75 329 
76 49 
76 243 
76 245 
77 242 
77 271 
77 320 
77 327 
78 93 
78 249 
78 269 
78 316 
79 23 
79 86 
79 123 
79 248 
79 315 
80 6 
80 58 
80 211 
80 320 
80 326 
81 140 
81 181 
81 197 
82 281 
82 317 
82 321 
82 323 
82 327 
83 24 
83 52 
83 324 
84 251 
84 319 
85 19 
85 26 
85 30 
85 72 
85 112 
85 174 
85 318 
85 321 
85 327 
86 62 
87 3 
87 16 
87 33 
87 49 
87 317 
87 329 
88 120 
88 128 
88 142 
88 222 
88 234 
89 27 
89 39 
89 184 
89 250 
89 276 
90 12 
90 65 
90 97 
90 256 
90 293 
90 316 
91 211 
91 243 
91 247 
92 24 
92 74 
92 94 
92 100 
92 251 
92 320 
92 323 
93 133 
93 259 
93 282 
93 318 
93 321 
93 327 
94 53 
94 327 
95 59 
95 170 
95 198 
95 327 
96 112 
96 132 
96 214 
96 316 
97 317 
97 320 
98 39 
98 45 
98 72 
98 80 
98 104 
98 270 
98 320 
99 315 
99 316 
99 319 
99 322 
99 324 
100 149 
100 315 
100 326 
101 188 
101 222 
101 228 
101 319 
102 32 
102 61 
102 112 
103 54 
103 149 
103 178 
103 292 
103 318 
103 328 
103 329 
104 4 
104 133 
104 158 
104 167 
104 278 
104 316 
104 320 
104 322 
105 27 
105 152 
105 184 
105 208 
105 316 
105 320 
105 326 
106 75 
106 162 
106 181 
106 194 
106 225 
106 325 
106 328 
107 2 
107 114 
107 123 
107 206 
107 315 
107 325 
107 327 
108 11 
108 33 
108 121 
108 217 
108 264 
108 318 
108 320 
108 325 
109 6 
109 84 
109 240 
109 274 
109 318 
109 325 
109 329 
110 44 
110 145 
110 165 
110 264 
110 316 
111 66 
111 96 
111 126 
112 102 
112 163 
112 322 
112 323 
112 324 
113 235 
113 272 
113 323 
114 17 
114 132 
114 266 
114 316 
114 324 
114 328 
115 51 
115 56 
115 80 
115 185 
115 320 
115 321 
116 196 
116 226 
116 323 
117 68 
117 207 
117 299 
118 146 
118 229 
118 318 
118 319 
118 326 
118 327 
119 14 
119 55 
119 222 
119 327 
120 18 
120 20 
120 92 
120 98 
120 110 
120 274 
120 315 
120 324 
121 188 
121 190 
121 316 
122 0 
122 33 
122 41 
122 113 
122 132 
122 141 
122 154 
122 206 
122 227 
122 249 
123 43 
123 145 
123 149 
123 176 
123 318 
124 167 
124 319 
124 322 
124 327 
125 157 
125 164 
125 184 
125 315 
126 104 
126 316 
126 317 
126 328 
127 60 
127 70 
127 74 
127 95 
127 179 
127 267 
127 317 
127 319 
128 77 
128 105 
128 127 
128 315 
128 322 
128 323 
128 325 
128 327 
128 329 
129 78 
129 146 
129 267 
129 317 
129 327 
130 161 
130 323 
130 324 
131 35 
131 320 
131 324 
131 325 
131 326 
132 81 
132 322 
132 326 
132 329 
133 223 
133 328 
134 148 
134 158 
134 172 
134 236 
135 219 
136 167 
136 316 
136 321 
137 37 
137 110 
137 195 
137 319 
137 321 
138 190 
138 215 
138 242 
138 251 
138 316 
139 31 
139 245 
139 248 
139 316 
139 318 
139 328 
140 317 
140 323 
140 324 
140 327 
141 76 
141 99 
141 142 
141 155 
141 156 
141 249 
141 261 
141 318 
141 320 
141 322 
142 290 
143 284 
143 318 
143 325 
144 53 
144 117 
144 163 
144 230 
144 251 
144 271 
145 29 
145 269 
145 326 
146 295 
146 315 
146 318 
147 18 
147 105 
147 148 
147 203 
147 321 
147 323 
147 324 
147 326 
148 8 
148 28 
148 55 
148 134 
148 232 
148 320 
149 280 
149 319 
149 321 
150 4 
150 52 
150 107 
150 326 
150 329 
151 35 
151 191 
151 216 
151 317 
151 327 
151 329 
152 12 
152 317 
152 319 
152 328 
153 52 
153 55 
153 57 
153 112 
153 316 
153 320 
154 16 
154 52 
154 117 
154 136 
154 316 
155 96 
155 319 
155 324 
155 326 
156 52 
156 178 
156 217 
156 251 
156 321 
157 136 
157 285 
157 317 
157 320 
157 329 
158 85 
158 130 
158 319 
159 105 
159 109 
159 135 
159 140 
159 151 
159 210 
159 321 
160 34 
160 65 
160 131 
160 278 
160 281 
160 318 
161 97 
161 101 
161 322 
162 285 
162 290 
162 316 
162 320 
162 321 
162 325 
162 328 
163 112 
163 154 
163 157 
163 187 
163 261 
163 329 
164 16 
164 191 
164 255 
164 315 
165 0 
166 315 
166 319 
167 25 
167 52 
167 54 
167 140 
167 276 
167 321 
168 109 
168 155 
168 180 
168 264 
168 265 
168 316 
169 10 
169 32 
169 87 
169 138 
169 279 
169 292 
169 316 
169 323 
170 19 
170 318 
170 320 
171 317 
171 318 
171 324 
172 115 
172 116 
172 217 
172 268 
173 55 
173 108 
174 89 
174 146 
174 190 
174 253 
174 267 
174 316 
174 322 
175 68 
176 60 
176 248 
176 323 
176 326 
177 61 
177 147 
177 188 
177 317 
178 143 
178 212 
178 234 
178 255 
179 44 
179 256 
179 264 
179 286 
179 319 
179 323 
180 318 
181 250 
181 328 
182 93 
182 110 
182 156 
182 318 
182 327 
183 23 
183 75 
183 100 
183 164 
183 322 
183 325 
183 328 
184 149 
184 251 
184 329 
185 1 
185 39 
185 121 
185 215 
185 264 
185 317 
185 318 
185 323 
185 329 
186 49 
186 136 
186 297 
187 98 
187 203 
187 285 
187 322 
187 329 
188 43 
188 139 
188 227 
188 317 
188 327 
189 15 
189 116 
189 322 
190 118 
190 141 
190 208 
190 318 
191 96 
191 251 
191 278 
191 288 
191 291 
193 16 
193 221 
194 86 
194 175 
194 319 
194 327 
195 317 
195 320 
196 40 
196 84 
196 150 
197 0 
197 32 
197 48 
197 50 
197 99 
197 221 
197 316 
198 22 
198 103 
198 116 
198 164 
198 324 
198 325 
199 41 
199 166 
199 218 
199 245 
199 319 
200 8 
200 38 
200 172 
200 276 
200 318 
200 325 
201 93 
201 185 
201 328 
202 100 
202 185 
202 275 
202 315 
203 324 
204 197 
204 207 
204 267 
204 297 
204 327 
205 100 
205 200 
205 324 
205 326 
205 329 
206 3 
206 38 
206 82 
206 108 
206 321 
207 54 
207 217 
208 71 
208 89 
208 124 
208 134 
208 179 
208 324 
208 325 
208 328 
209 234 
210 47 
210 119 
210 171 
210 179 
210 185 
211 199 
211 316 
211 317 
211 328 
212 10 
212 14 
212 39 
212 57 
212 121 
212 164 
212 223 
212 320 
212 325 
213 145 
213 168 
213 185 
213 210 
213 212 
213 316 
214 70 
214 99 
214 147 
215 43 
215 69 
215 186 
215 318 
215 328 
216 4 
216 7 
216 56 
216 140 
216 225 
216 290 
216 325 
216 326 
217 77 
217 172 
217 246 
217 287 
217 323 
218 20 
218 83 
218 103 
218 108 
218 283 
218 315 
218 318 
218 325 
219 1 
219 6 
219 21 
219 319 
219 328 
220 40 
220 324 
221 137 
221 234 
221 324 
221 328 
222 322 
223 66 
223 221 
223 317 
223 318 
223 319 
223 322 
224 128 
224 168 
224 317 
224 322 
225 146 
225 152 
225 180 
225 318 
225 326 
226 108 
226 164 
226 232 
226 257 
226 329 
227 84 
227 285 
227 325 
227 327 
228 82 
228 149 
228 224 
228 315 
228 318 
228 323 
228 328 
229 34 
229 131 
229 254 
229 316 
229 321 
230 146 
230 172 
230 233 
230 267 
230 322 
231 46 
231 140 
231 250 
232 0 
232 319 
233 9 
233 89 
233 129 
233 287 
233 329 
234 33 
234 133 
234 237 
234 315 
235 14 
235 32 
235 134 
235 173 
235 266 
235 319 
236 10 
236 177 
236 249 
236 263 
236 321 
236 327 
236 328 
237 4 
237 130 
237 195 
237 252 
237 260 
237 320 
237 325 
238 228 
238 315 
238 317 
238 322 
238 329 
239 80 
239 235 
239 319 
239 324 
239 329 
240 68 
240 159 
240 295 
240 324 
241 175 
241 323 
242 31 
242 47 
242 67 
242 165 
242 288 
242 323 
242 327 
243 50 
243 91 
243 134 
243 136 
243 255 
243 280 
243 297 
243 317 
243 321 
243 325 
244 280 
244 321 
244 329 
245 41 
245 135 
245 218 
246 251 
246 317 
246 321 
247 108 
247 202 
247 209 
248 66 
248 249 
248 317 
248 324 
249 162 
249 323 
249 326 
250 62 
250 91 
250 276 
250 328 
251 88 
251 174 
251 270 
251 319 
252 7 
252 123 
252 207 252 207 
252 321 
253 145 
253 210 
253 219 
254 29 
254 78 
254 121 
254 150 
254 317 
254 322 
255 141 
255 161 
255 169 
255 315 
255 319 
256 28 
256 72 
256 78 
256 127 
256 187 
256 204 
256 325 
256 327 
257 11 257 11 
257 156 
257 164 
257 176 
257 221 
257 254 
258 94 
258 121 
258 154 
258 179 
258 203 
258 206 
258 233 
258 267 
258 285 
258 319 
259 216 
259 288 
259 327 
260 69 
260 316 
261 186 
261 203 
261 296 
261 328 
262 57 
262 126 
262 228 
262 294 
262 322 
262 325 
262 327 
262 328 
263 63 
263 104 
263 170 
263 193 
263 319 
263 320 
263 323 
263 324 
263 329 
264 68 
264 292 
264 328 
265 255 
265 315 
265 326 
266 139 
266 173 
266 189 
266 322 
267 163 
267 239 
267 322 
267 323 
267 326 
268 46 
268 49 
268 121 
268 125 
268 250 
268 295 
268 321 
268 326 
269 8 
269 99 
269 273 
269 316 
269 324 
270 110 
270 190 
270 319 
271 5 
271 106 
271 329 
272 16 
272 62 
272 123 
272 328 
273 24 
273 29 
273 43 
273 315 
273 322 
274 85 
274 147 
274 252 
274 263 
274 318 
274 322 
275 48 
275 96 
276 59 
276 142 
276 238 
276 241 
276 320 
276 322 
277 117 
277 149 
277 187 
277 206 
277 275 
277 315 
277 323 
278 72 
278 323 
279 247 
279 323 
279 329 
280 106 
280 197 
280 239 
280 273 
280 322 
280 327 
281 109 
281 178 
281 231 
281 262 
281 315 
281 318 
281 328 
281 329 
282 24 
282 59 
282 100 
282 118 
282 325 
283 12 
283 64 
283 142 
283 169 
283 275 
283 282 
283 292 
283 295 
284 46 
284 195 
284 315 
285 50 
285 111 
285 134 
285 138 
285 156 
285 169 
285 174 
285 223 
285 257 
285 315 
285 323 
285 326 
286 254 
286 280 
287 1 
287 329 
288 31 
288 104 
288 253 
288 294 
289 38 
289 76 
289 117 
289 154 
289 164 
289 186 
290 285 
290 329 
291 8 
291 135 
291 249 
291 292 
291 325 
292 60 
294 117 
294 122 
294 129 
295 215 
295 225 
295 296 
296 70 
296 72 
296 165 
296 196 
297 5 
297 108 
297 317 
297 319 
298 3 
298 177 
298 195 
298 197 
298 315 
298 329 
299 210 
299 222 
299 320 
299 322 
300 11 
300 20 
300 34 
300 35 
300 45 
300 57 
300 72 
300 73 
300 74 
300 104 
300 116 
300 128 
300 153 
300 161 
300 168 
300 174 
300 178 
300 198 
300 223 
300 230 
300 231 
300 242 
300 247 
300 252 
300 265 
300 273 
300 280 
300 287 
300 290 
300 299 
301 18 
301 44 
301 53 
301 77 
301 78 
301 79 
301 91 
301 110 
301 118 
301 122 
301 124 
301 132 
301 143 
301 145 
301 152 
301 160 
301 169 
301 199 
301 209 
301 217 
301 218 
301 219 
301 220 
301 222 
301 269 
301 271 
301 272 
301 273 
301 286 
301 291 
302 1 
302 6 
302 8 
302 12 
302 20 
302 75 
302 96 
302 101 
302 110 
302 116 
302 121 
302 127 
302 136 
302 140 
302 146 
302 151 
302 158 
302 162 
302 165 
302 170 
302 203 
302 204 
302 218 
302 228 
302 237 
302 261 
302 276 
302 279 
302 295 
302 299 
303 7 
303 21 
303 23 
303 24 
303 31 
303 41 
303 42 
303 48 
303 71 
303 80 
303 83 
303 88 
303 90 
303 103 
303 120 
303 121 
303 142 
303 155 
303 161 
303 172 
303 180 
303 196 
303 218 
303 223 
303 232 
303 238 
303 266 
303 268 
303 279 
303 297 
304 6 
304 11 
304 21 
304 22 
304 42 
304 54 
304 56 
304 73 
304 75 
304 103 
304 111 
304 115 
304 130 
304 138 
304 142 
304 160 
304 163 
304 172 
304 176 
304 179 
304 182 
304 210 
304 211 
304 232 
304 234 
304 237 
304 260 
304 266 
304 270 
304 296 
305 1 
305 3 
305 6 
305 13 
305 30 
305 39 
305 46 
305 73 
305 85 
305 86 
305 105 
305 110 
305 112 
305 122 
305 146 
305 160 
305 170 
305 183 
305 188 
305 205 
305 214 
305 229 
305 247 
305 249 
305 261 
305 273 
305 277 
305 280 
305 290 
305 297 
306 3 
306 5 
306 8 
306 11 
306 26 
306 28 
306 30 
306 66 
306 69 
306 81 
306 83 
306 84 
306 88 
306 114 
306 119 
306 142 
306 180 
306 183 
306 194 
306 199 
306 203 
306 215 
306 234 
306 238 
306 239 
306 255 
306 270 
306 282 
306 283 
306 298 
307 5 
307 22 
307 34 
307 38 
307 42 
307 72 
307 83 
307 84 
307 101 
307 105 
307 154 
307 165 
307 179 
307 183 
307 187 
307 189 
307 199 
307 216 
307 227 
307 237 
307 241 
307 245 
307 266 
307 270 
307 271 
307 272 
307 273 
307 275 
307 285 
307 299 
308 4 
308 11 
308 14 
308 17 
308 28 
308 44 
308 58 
308 59 
308 66 
308 71 
308 79 
308 89 
308 117 
308 142 
308 145 
308 147 
308 148 
308 161 
308 175 
308 180 
308 195 
308 198 
308 210 
308 232 
308 234 
308 253 
308 286 
308 288 
308 296 
308 299 
309 10 
309 17 
309 29 
309 33 
309 46 
309 49 
309 60 
309 65 
309 72 
309 83 
309 107 
309 109 
309 115 
309 132 
309 134 
309 136 
309 139 
309 145 
309 183 
309 191 
309 192 
309 193 
309 210 
309 213 
309 228 
309 232 
309 243 
309 246 
309 287 
309 292 
310 1 
310 44 
310 57 
310 62 
310 72 
310 79 
310 81 
310 88 
310 89 
310 106 
310 112 
310 141 
310 145 
310 148 
310 172 
310 182 
310 183 
310 188 
310 189 
310 190 
310 194 
310 201 
310 206 
310 218 
310 224 
310 240 
310 243 
310 263 
310 279 
310 296 
311 8 
311 13 
311 14 
311 22 
311 24 
311 26 
311 29 
311 43 
311 80 
311 88 
311 102 
311 111 
311 121 
311 130 
311 136 
311 139 
311 169 
311 179 
311 180 
311 200 
311 205 
311 231 
311 245 
311 254 
311 256 
311 275 
311 287 
311 289 
311 291 
311 294 
312 18 
312 38 
312 61 
312 67 
312 68 
312 84 
312 85 
312 87 
312 123 
312 139 
312 141 
312 142 
312 158 
312 161 
312 164 
312 179 
312 183 
312 184 
312 205 
312 218 
312 224 
312 227 
312 231 
312 236 
312 247 
312 251 
312 253 
312 286 
312 287 
312 294 
313 9 
313 18 
313 21 
313 22 
313 29 
313 33 
313 53 
313 63 
313 74 
313 79 
313 85 
313 105 
313 113 
313 128 
313 129 
313 133 
313 162 
313 173 
313 175 
313 184 
313 237 
313 241 
313 244 
313 255 
313 259 
313 261 
313 270 
313 272 
313 279 
313 298 
314 1 
314 3 
314 4 
314 9 
314 21 
314 59 
314 77 
314 87 
314 90 
314 98 
314 110 
314 115 
314 120 
314 123 
314 129 
314 145 
314 149 
314 189 
314 191 
314 192 
314 194 
314 206 
314 216 
314 238 
314 242 
314 250 
314 269 
314 274 
314 293 
314 296 
