42 42
0.00238 0.00238 0.30238 0.00238 0.00238 0.00238 0.00238 0.00238 0.00238 0.00238 0.00238 0.00238 0.00238 0.00238 0.30238 0.00238 0.00238 0.00238 0.00238 0.00238 0.00238 0.00238 0.00238 0.00238 0.00238 0.00238 0.00238 0.00238 0.00238 0.00238 0.00238 0.00238 0.00238 0.00238 0.00238 0.00238 0.30238 0.00238 0.00238 0.00238 0.00238 0.00238 
0.02381 0.02381 0.02381 0.02381 0.02381 0.02381 0.02381 0.02381 0.02381 0.02381 0.02381 0.02381 0.02381 0.02381 0.02381 0.02381 0.02381 0.02381 0.02381 0.02381 0.02381 0.02381 0.02381 0.02381 0.02381 0.02381 0.02381 0.02381 0.02381 0.02381 0.02381 0.02381 0.02381 0.02381 0.02381 0.02381 0.02381 0.02381 0.02381 0.02381 0.02381 0.02381 
0.00238 0.00238 0.00238 0.00238 0.00238 0.00238 0.00238 0.00238 0.00238 0.00238 0.45238 0.00238 0.00238 0.00238 0.00238 0.00238 0.00238 0.00238 0.00238 0.00238 0.00238 0.00238 0.00238 0.00238 0.00238 0.00238 0.00238 0.00238 0.00238 0.00238 0.00238 0.00238 0.00238 0.00238 0.00238 0.00238 0.00238 0.45238 0.00238 0.00238 0.00238 0.00238 
0.00238 0.00238 0.00238 0.00238 0.00238 0.00238 0.00238 0.00238 0.00238 0.00238 0.00238 0.00238 0.00238 0.00238 0.00238 0.00238 0.00238 0.00238 0.00238 0.00238 0.00238 0.00238 0.00238 0.00238 0.00238 0.00238 0.00238 0.00238 0.00238 0.00238 0.00238 0.00238 0.00238 0.30238 0.00238 0.30238 0.00238 0.00238 0.30238 0.00238 0.00238 0.00238 
0.00238 0.00238 0.00238 0.00238 0.00238 0.00238 0.00238 0.00238 0.00238 0.00238 0.00238 0.00238 0.00238 0.00238 0.00238 0.00238 0.00238 0.00238 0.45238 0.00238 0.00238 0.00238 0.00238 0.00238 0.00238 0.00238 0.00238 0.00238 0.00238 0.00238 0.00238 0.00238 0.00238 0.00238 0.00238 0.00238 0.00238 0.00238 0.00238 0.45238 0.00238 0.00238 
0.00238 0.00238 0.00238 0.00238 0.00238 0.00238 0.00238 0.00238 0.00238 0.00238 0.00238 0.00238 0.00238 0.00238 0.00238 0.00238 0.00238 0.00238 0.00238 0.00238 0.00238 0.00238 0.00238 0.00238 0.00238 0.00238 0.00238 0.00238 0.00238 0.00238 0.00238 0.00238 0.00238 0.00238 0.00238 0.00238 0.90238 0.00238 0.00238 0.00238 0.00238 0.00238 
0.02381 0.02381 0.02381 0.02381 0.02381 0.02381 0.02381 0.02381 0.02381 0.02381 0.02381 0.02381 0.02381 0.02381 0.02381 0.02381 0.02381 0.02381 0.02381 0.02381 0.02381 0.02381 0.02381 0.02381 0.02381 0.02381 0.02381 0.02381 0.02381 0.02381 0.02381 0.02381 0.02381 0.02381 0.02381 0.02381 0.02381 0.02381 0.02381 0.02381 0.02381 0.02381 
0.02381 0.02381 0.02381 0.02381 0.02381 0.02381 0.02381 0.02381 0.02381 0.02381 0.02381 0.02381 0.02381 0.02381 0.02381 0.02381 0.02381 0.02381 0.02381 0.02381 0.02381 0.02381 0.02381 0.02381 0.02381 0.02381 0.02381 0.02381 0.02381 0.02381 0.02381 0.02381 0.02381 0.02381 0.02381 0.02381 0.02381 0.02381 0.02381 0.02381 0.02381 0.02381 
0.00238 0.00238 0.00238 0.00238 0.00238 0.00238 0.00238 0.00238 0.00238 0.00238 0.00238 0.00238 0.00238 0.00238 0.00238 0.00238 0.00238 0.00238 0.00238 0.00238 0.00238 0.00238 0.00238 0.00238 0.00238 0.00238 0.00238 0.00238 0.00238 0.00238 0.00238 0.00238 0.90238 0.00238 0.00238 0.00238 0.00238 0.00238 0.00238 0.00238 0.00238 0.00238 
0.02381 0.02381 0.02381 0.02381 0.02381 0.02381 0.02381 0.02381 0.02381 0.02381 0.02381 0.02381 0.02381 0.02381 0.02381 0.02381 0.02381 0.02381 0.02381 0.02381 0.02381 0.02381 0.02381 0.02381 0.02381 0.02381 0.02381 0.02381 0.02381 0.02381 0.02381 0.02381 0.02381 0.02381 0.02381 0.02381 0.02381 0.02381 0.02381 0.02381 0.02381 0.02381 
0.02381 0.02381 0.02381 0.02381 0.02381 0.02381 0.02381 0.02381 0.02381 0.02381 0.02381 0.02381 0.02381 0.02381 0.02381 0.02381 0.02381 0.02381 0.02381 0.02381 0.02381 0.02381 0.02381 0.02381 0.02381 0.02381 0.02381 0.02381 0.02381 0.02381 0.02381 0.02381 0.02381 0.02381 0.02381 0.02381 0.02381 0.02381 0.02381 0.02381 0.02381 0.02381 
0.02381 0.02381 0.02381 0.02381 0.02381 0.02381 0.02381 0.02381 0.02381 0.02381 0.02381 0.02381 0.02381 0.02381 0.02381 0.02381 0.02381 0.02381 0.02381 0.02381 0.02381 0.02381 0.02381 0.02381 0.02381 0.02381 0.02381 0.02381 0.02381 0.02381 0.02381 0.02381 0.02381 0.02381 0.02381 0.02381 0.02381 0.02381 0.02381 0.02381 0.02381 0.02381 
0.00238 0.00238 0.00238 0.00238 0.00238 0.00238 0.00238 0.00238 0.00238 0.00238 0.00238 0.00238 0.00238 0.00238 0.00238 0.00238 0.00238 0.00238 0.00238 0.00238 0.00238 0.00238 0.00238 0.00238 0.00238 0.00238 0.00238 0.00238 0.00238 0.00238 0.00238 0.00238 0.45238 0.00238 0.00238 0.00238 0.00238 0.00238 0.00238 0.00238 0.00238 0.45238 
0.00238 0.00238 0.00238 0.00238 0.00238 0.00238 0.00238 0.00238 0.00238 0.00238 0.00238 0.00238 0.00238 0.00238 0.00238 0.00238 0.00238 0.00238 0.00238 0.30238 0.00238 0.00238 0.00238 0.00238 0.00238 0.00238 0.00238 0.00238 0.00238 0.00238 0.00238 0.00238 0.00238 0.30238 0.00238 0.00238 0.00238 0.00238 0.00238 0.00238 0.30238 0.00238 
0.00238 0.00238 0.00238 0.00238 0.00238 0.00238 0.00238 0.00238 0.00238 0.00238 0.00238 0.00238 0.00238 0.00238 0.00238 0.00238 0.00238 0.00238 0.00238 0.00238 0.00238 0.00238 0.00238 0.00238 0.00238 0.00238 0.00238 0.00238 0.00238 0.00238 0.00238 0.00238 0.00238 0.00238 0.22738 0.00238 0.22738 0.00238 0.00238 0.00238 0.22738 0.22738 
0.02381 0.02381 0.02381 0.02381 0.02381 0.02381 0.02381 0.02381 0.02381 0.02381 0.02381 0.02381 0.02381 0.02381 0.02381 0.02381 0.02381 0.02381 0.02381 0.02381 0.02381 0.02381 0.02381 0.02381 0.02381 0.02381 0.02381 0.02381 0.02381 0.02381 0.02381 0.02381 0.02381 0.02381 0.02381 0.02381 0.02381 0.02381 0.02381 0.02381 0.02381 0.02381 
0.00238 0.00238 0.00238 0.00238 0.00238 0.00238 0.00238 0.00238 0.00238 0.00238 0.00238 0.00238 0.00238 0.00238 0.00238 0.00238 0.00238 0.00238 0.00238 0.00238 0.00238 0.00238 0.00238 0.00238 0.00238 0.00238 0.90238 0.00238 0.00238 0.00238 0.00238 0.00238 0.00238 0.00238 0.00238 0.00238 0.00238 0.00238 0.00238 0.00238 0.00238 0.00238 
0.00238 0.00238 0.00238 0.00238 0.00238 0.00238 0.00238 0.00238 0.00238 0.00238 0.00238 0.00238 0.00238 0.00238 0.00238 0.00238 0.00238 0.00238 0.00238 0.00238 0.00238 0.00238 0.00238 0.00238 0.00238 0.00238 0.00238 0.00238 0.00238 0.00238 0.00238 0.00238 0.00238 0.00238 0.90238 0.00238 0.00238 0.00238 0.00238 0.00238 0.00238 0.00238 
0.00238 0.00238 0.00238 0.00238 0.00238 0.00238 0.00238 0.00238 0.00238 0.00238 0.00238 0.00238 0.00238 0.00238 0.00238 0.00238 0.00238 0.45238 0.00238 0.00238 0.00238 0.00238 0.00238 0.00238 0.00238 0.00238 0.00238 0.00238 0.00238 0.00238 0.00238 0.00238 0.00238 0.00238 0.00238 0.00238 0.00238 0.45238 0.00238 0.00238 0.00238 0.00238 
0.00238 0.00238 0.00238 0.00238 0.00238 0.00238 0.00238 0.00238 0.00238 0.00238 0.00238 0.00238 0.00238 0.00238 0.00238 0.00238 0.00238 0.00238 0.00238 0.00238 0.00238 0.00238 0.00238 0.00238 0.00238 0.00238 0.00238 0.00238 0.00238 0.90238 0.00238 0.00238 0.00238 0.00238 0.00238 0.00238 0.00238 0.00238 0.00238 0.00238 0.00238 0.00238 
0.00238 0.00238 0.00238 0.00238 0.00238 0.00238 0.00238 0.00238 0.00238 0.00238 0.00238 0.00238 0.00238 0.00238 0.00238 0.00238 0.00238 0.00238 0.00238 0.00238 0.00238 0.00238 0.00238 0.00238 0.00238 0.00238 0.00238 0.00238 0.00238 0.00238 0.00238 0.00238 0.00238 0.00238 0.00238 0.00238 0.00238 0.00238 0.90238 0.00238 0.00238 0.00238 
0.00238 0.00238 0.00238 0.00238 0.00238 0.00238 0.00238 0.00238 0.00238 0.00238 0.00238 0.00238 0.00238 0.00238 0.00238 0.00238 0.00238 0.00238 0.00238 0.00238 0.00238 0.00238 0.00238 0.00238 0.00238 0.00238 0.00238 0.00238 0.00238 0.00238 0.00238 0.00238 0.00238 0.00238 0.00238 0.00238 0.00238 0.00238 0.00238 0.45238 0.00238 0.45238 
0.00238 0.00238 0.00238 0.00238 0.00238 0.00238 0.00238 0.00238 0.00238 0.00238 0.00238 0.00238 0.00238 0.00238 0.00238 0.00238 0.00238 0.00238 0.00238 0.00238 0.00238 0.00238 0.00238 0.00238 0.00238 0.00238 0.00238 0.00238 0.00238 0.00238 0.00238 0.00238 0.00238 0.00238 0.30238 0.00238 0.00238 0.30238 0.00238 0.30238 0.00238 0.00238 
0.00238 0.00238 0.00238 0.00238 0.00238 0.00238 0.00238 0.00238 0.00238 0.00238 0.00238 0.00238 0.00238 0.45238 0.00238 0.00238 0.00238 0.00238 0.00238 0.00238 0.00238 0.00238 0.00238 0.00238 0.00238 0.00238 0.00238 0.00238 0.00238 0.00238 0.00238 0.00238 0.00238 0.00238 0.00238 0.45238 0.00238 0.00238 0.00238 0.00238 0.00238 0.00238 
0.00238 0.00238 0.00238 0.00238 0.00238 0.00238 0.00238 0.00238 0.00238 0.00238 0.00238 0.00238 0.00238 0.00238 0.00238 0.00238 0.00238 0.00238 0.00238 0.00238 0.00238 0.00238 0.00238 0.00238 0.00238 0.00238 0.00238 0.00238 0.00238 0.00238 0.00238 0.00238 0.00238 0.90238 0.00238 0.00238 0.00238 0.00238 0.00238 0.00238 0.00238 0.00238 
0.00238 0.00238 0.00238 0.00238 0.00238 0.00238 0.00238 0.00238 0.00238 0.00238 0.00238 0.00238 0.00238 0.00238 0.00238 0.00238 0.00238 0.00238 0.00238 0.00238 0.00238 0.00238 0.00238 0.30238 0.00238 0.00238 0.00238 0.00238 0.00238 0.00238 0.00238 0.00238 0.30238 0.00238 0.00238 0.30238 0.00238 0.00238 0.00238 0.00238 0.00238 0.00238 
0.00238 0.00238 0.00238 0.00238 0.00238 0.00238 0.00238 0.00238 0.00238 0.00238 0.00238 0.00238 0.00238 0.00238 0.00238 0.00238 0.00238 0.00238 0.00238 0.90238 0.00238 0.00238 0.00238 0.00238 0.00238 0.00238 0.00238 0.00238 0.00238 0.00238 0.00238 0.00238 0.00238 0.00238 0.00238 0.00238 0.00238 0.00238 0.00238 0.00238 0.00238 0.00238 
0.02381 0.02381 0.02381 0.02381 0.02381 0.02381 0.02381 0.02381 0.02381 0.02381 0.02381 0.02381 0.02381 0.02381 0.02381 0.02381 0.02381 0.02381 0.02381 0.02381 0.02381 0.02381 0.02381 0.02381 0.02381 0.02381 0.02381 0.02381 0.02381 0.02381 0.02381 0.02381 0.02381 0.02381 0.02381 0.02381 0.02381 0.02381 0.02381 0.02381 0.02381 0.02381 
0.00238 0.00238 0.00238 0.00238 0.00238 0.00238 0.00238 0.00238 0.00238 0.00238 0.00238 0.00238 0.00238 0.00238 0.00238 0.00238 0.00238 0.00238 0.00238 0.00238 0.00238 0.00238 0.00238 0.00238 0.00238 0.00238 0.00238 0.00238 0.00238 0.00238 0.00238 0.00238 0.00238 0.00238 0.00238 0.00238 0.00238 0.00238 0.00238 0.00238 0.90238 0.00238 
0.00238 0.00238 0.00238 0.00238 0.00238 0.00238 0.00238 0.00238 0.00238 0.00238 0.00238 0.00238 0.00238 0.00238 0.00238 0.00238 0.00238 0.00238 0.00238 0.00238 0.00238 0.00238 0.00238 0.00238 0.00238 0.00238 0.00238 0.00238 0.00238 0.00238 0.00238 0.00238 0.00238 0.00238 0.00238 0.00238 0.00238 0.00238 0.90238 0.00238 0.00238 0.00238 
0.00238 0.00238 0.00238 0.00238 0.00238 0.30238 0.00238 0.00238 0.00238 0.00238 0.00238 0.00238 0.00238 0.00238 0.30238 0.00238 0.00238 0.00238 0.00238 0.00238 0.00238 0.00238 0.00238 0.30238 0.00238 0.00238 0.00238 0.00238 0.00238 0.00238 0.00238 0.00238 0.00238 0.00238 0.00238 0.00238 0.00238 0.00238 0.00238 0.00238 0.00238 0.00238 
0.00238 0.00238 0.00238 0.00238 0.00238 0.00238 0.00238 0.30238 0.00238 0.00238 0.00238 0.00238 0.00238 0.00238 0.00238 0.00238 0.30238 0.00238 0.00238 0.00238 0.00238 0.00238 0.00238 0.30238 0.00238 0.00238 0.00238 0.00238 0.00238 0.00238 0.00238 0.00238 0.00238 0.00238 0.00238 0.00238 0.00238 0.00238 0.00238 0.00238 0.00238 0.00238 
0.02381 0.02381 0.02381 0.02381 0.02381 0.02381 0.02381 0.02381 0.02381 0.02381 0.02381 0.02381 0.02381 0.02381 0.02381 0.02381 0.02381 0.02381 0.02381 0.02381 0.02381 0.02381 0.02381 0.02381 0.02381 0.02381 0.02381 0.02381 0.02381 0.02381 0.02381 0.02381 0.02381 0.02381 0.02381 0.02381 0.02381 0.02381 0.02381 0.02381 0.02381 0.02381 
0.02381 0.02381 0.02381 0.02381 0.02381 0.02381 0.02381 0.02381 0.02381 0.02381 0.02381 0.02381 0.02381 0.02381 0.02381 0.02381 0.02381 0.02381 0.02381 0.02381 0.02381 0.02381 0.02381 0.02381 0.02381 0.02381 0.02381 0.02381 0.02381 0.02381 0.02381 0.02381 0.02381 0.02381 0.02381 0.02381 0.02381 0.02381 0.02381 0.02381 0.02381 0.02381 
0.02381 0.02381 0.02381 0.02381 0.02381 0.02381 0.02381 0.02381 0.02381 0.02381 0.02381 0.02381 0.02381 0.02381 0.02381 0.02381 0.02381 0.02381 0.02381 0.02381 0.02381 0.02381 0.02381 0.02381 0.02381 0.02381 0.02381 0.02381 0.02381 0.02381 0.02381 0.02381 0.02381 0.02381 0.02381 0.02381 0.02381 0.02381 0.02381 0.02381 0.02381 0.02381 
0.02381 0.02381 0.02381 0.02381 0.02381 0.02381 0.02381 0.02381 0.02381 0.02381 0.02381 0.02381 0.02381 0.02381 0.02381 0.02381 0.02381 0.02381 0.02381 0.02381 0.02381 0.02381 0.02381 0.02381 0.02381 0.02381 0.02381 0.02381 0.02381 0.02381 0.02381 0.02381 0.02381 0.02381 0.02381 0.02381 0.02381 0.02381 0.02381 0.02381 0.02381 0.02381 
0.02381 0.02381 0.02381 0.02381 0.02381 0.02381 0.02381 0.02381 0.02381 0.02381 0.02381 0.02381 0.02381 0.02381 0.02381 0.02381 0.02381 0.02381 0.02381 0.02381 0.02381 0.02381 0.02381 0.02381 0.02381 0.02381 0.02381 0.02381 0.02381 0.02381 0.02381 0.02381 0.02381 0.02381 0.02381 0.02381 0.02381 0.02381 0.02381 0.02381 0.02381 0.02381 
0.02381 0.02381 0.02381 0.02381 0.02381 0.02381 0.02381 0.02381 0.02381 0.02381 0.02381 0.02381 0.02381 0.02381 0.02381 0.02381 0.02381 0.02381 0.02381 0.02381 0.02381 0.02381 0.02381 0.02381 0.02381 0.02381 0.02381 0.02381 0.02381 0.02381 0.02381 0.02381 0.02381 0.02381 0.02381 0.02381 0.02381 0.02381 0.02381 0.02381 0.02381 0.02381 
0.02381 0.02381 0.02381 0.02381 0.02381 0.02381 0.02381 0.02381 0.02381 0.02381 0.02381 0.02381 0.02381 0.02381 0.02381 0.02381 0.02381 0.02381 0.02381 0.02381 0.02381 0.02381 0.02381 0.02381 0.02381 0.02381 0.02381 0.02381 0.02381 0.02381 0.02381 0.02381 0.02381 0.02381 0.02381 0.02381 0.02381 0.02381 0.02381 0.02381 0.02381 0.02381 
0.02381 0.02381 0.02381 0.02381 0.02381 0.02381 0.02381 0.02381 0.02381 0.02381 0.02381 0.02381 0.02381 0.02381 0.02381 0.02381 0.02381 0.02381 0.02381 0.02381 0.02381 0.02381 0.02381 0.02381 0.02381 0.02381 0.02381 0.02381 0.02381 0.02381 0.02381 0.02381 0.02381 0.02381 0.02381 0.02381 0.02381 0.02381 0.02381 0.02381 0.02381 0.02381 
0.02381 0.02381 0.02381 0.02381 0.02381 0.02381 0.02381 0.02381 0.02381 0.02381 0.02381 0.02381 0.02381 0.02381 0.02381 0.02381 0.02381 0.02381 0.02381 0.02381 0.02381 0.02381 0.02381 0.02381 0.02381 0.02381 0.02381 0.02381 0.02381 0.02381 0.02381 0.02381 0.02381 0.02381 0.02381 0.02381 0.02381 0.02381 0.02381 0.02381 0.02381 0.02381 
0.02381 0.02381 0.02381 0.02381 0.02381 0.02381 0.02381 0.02381 0.02381 0.02381 0.02381 0.02381 0.02381 0.02381 0.02381 0.02381 0.02381 0.02381 0.02381 0.02381 0.02381 0.02381 0.02381 0.02381 0.02381 0.02381 0.02381 0.02381 0.02381 0.02381 0.02381 0.02381 0.02381 0.02381 0.02381 0.02381 0.02381 0.02381 0.02381 0.02381 0.02381 0.02381 
