

300
0 1  0 7  0 13  0 33  0 35  0 45  0 50  0 59  0 66  0 80  0 96  0 98  0 103  0 104  0 113  0 129  0 136  0 143  0 169  0 196  0 199  0 216  0 239  0 240  0 264  0 273  0 275  0 281  0 288  0 289  0 295  
1 140  
2 1  2 140  
3 8  3 14  3 20  3 25  3 29  3 40  3 41  3 45  3 57  3 68  3 89  3 100  3 102  3 122  3 139  3 151  3 164  3 165  3 166  3 195  3 196  3 200  3 210  3 213  3 216  3 217  3 222  3 244  3 252  3 274  3 279  3 296  3 298  
4 1  4 43  4 45  
5 18  5 45  5 199  
6 70  6 279  
7 144  
8 157  8 220  8 262  
9 45  
11 58  11 220  
12 262  
13 1  13 58  
14 1  
15 262  
16 18  
17 140  
18 140  
19 43  
20 45  
21 1  21 58  21 70  21 144  21 274  
23 18  
24 279  
25 274  
26 43  26 58  
27 157  27 279  
29 140  29 144  
31 279  
32 1  32 144  32 212  
33 58  
34 45  34 279  
36 70  36 262  
37 140  37 157  
38 140  
39 70  39 144  39 220  39 274  
40 144  
41 58  41 144  
44 157  
45 220  45 274  
46 70  
47 140  
48 70  48 262  
50 18  
51 1  51 274  
52 43  52 262  52 274  
53 18  53 220  
54 1  54 58  
55 199  
57 1  57 144  57 212  
59 43  59 140  59 220  
60 45  
61 70  
62 1  62 43  
63 1  63 25  63 32  63 41  63 42  63 50  63 52  63 54  63 59  63 60  63 67  63 68  63 83  63 84  63 92  63 103  63 108  63 116  63 132  63 134  63 194  63 238  63 248  63 252  63 255  63 266  63 267  63 269  63 286  63 292  63 297  
64 220  
65 70  
66 3  66 22  66 24  66 26  66 28  66 35  66 58  66 59  66 70  66 73  66 78  66 90  66 99  66 102  66 111  66 125  66 135  66 147  66 158  66 174  66 175  66 176  66 189  66 205  66 223  66 226  66 262  66 266  66 271  66 279  66 279  66 280  66 295  
67 43  67 212  67 220  67 274  
68 43  68 144  
69 70  
71 274  
73 199  73 220  
74 18  74 279  
75 140  75 279  
76 45  
77 157  77 199  
78 212  
80 220  
81 274  
83 274  
84 1  84 11  84 13  84 31  84 33  84 43  84 46  84 48  84 57  84 66  84 78  84 89  84 90  84 125  84 126  84 129  84 154  84 158  84 173  84 197  84 210  84 213  84 224  84 227  84 253  84 270  84 271  84 280  84 288  84 289  84 298  
86 45  
87 13  87 15  87 28  87 31  87 35  87 42  87 48  87 52  87 63  87 70  87 78  87 79  87 85  87 89  87 90  87 110  87 129  87 154  87 167  87 171  87 176  87 181  87 184  87 185  87 212  87 214  87 231  87 248  87 262  87 273  87 279  87 279  
88 43  88 220  88 262  
89 199  89 212  89 220  
90 18  90 279  
91 8  91 10  91 18  91 20  91 21  91 22  91 23  91 45  91 57  91 58  91 82  91 96  91 102  91 108  91 116  91 156  91 158  91 164  91 168  91 169  91 173  91 179  91 190  91 196  91 212  91 219  91 224  91 235  91 243  91 249  91 250  91 295  91 298  
92 45  
93 18  
94 18  94 43  94 199  94 262  
95 45  95 144  95 220  
96 18  
97 18  97 43  97 140  
99 43  99 140  99 157  99 199  99 220  
102 157  
103 1  103 144  
104 58  
106 140  
107 43  107 144  
109 1  
111 58  111 199  
112 220  
113 157  113 199  
114 1  114 70  114 220  
115 262  
116 144  
117 58  117 144  117 262  117 274  
118 70  118 199  
119 70  
120 58  120 199  120 220  
121 212  
122 45  122 279  
123 274  
124 140  124 157  
125 58  
126 43  126 58  
127 58  
128 144  
129 144  
131 45  131 140  131 279  
132 1  132 58  
133 3  133 13  133 15  133 24  133 42  133 46  133 47  133 56  133 70  133 71  133 80  133 83  133 99  133 138  133 156  133 164  133 173  133 174  133 188  133 190  133 212  133 217  133 235  133 251  133 257  133 266  133 269  133 272  133 274  133 278  133 283  133 295  
134 1  134 144  134 199  134 262  
135 1  135 144  
136 1  136 45  136 70  136 199  
137 45  137 157  
139 262  139 274  
140 140  140 157  
141 43  141 140  141 279  
142 274  
143 212  143 220  
144 1  144 43  
145 45  
147 157  
149 220  
150 220  
151 220  151 274  
152 45  152 262  
153 140  
154 18  
155 70  155 274  
157 140  
158 18  158 199  
159 45  
161 1  161 140  161 274  
162 279  
163 279  
166 18  166 43  166 212  
167 58  
168 157  
170 58  
171 43  
172 157  172 220  
173 212  
175 262  175 274  
176 58  176 140  
177 43  177 157  
179 157  
181 0  181 7  181 9  181 11  181 20  181 21  181 32  181 40  181 42  181 43  181 58  181 87  181 91  181 110  181 137  181 148  181 153  181 167  181 172  181 189  181 201  181 214  181 216  181 226  181 234  181 244  181 260  181 263  181 264  181 299  
182 70  
183 45  183 212  
184 18  184 262  
185 9  185 20  185 21  185 33  185 45  185 47  185 52  185 61  185 65  185 79  185 80  185 81  185 84  185 90  185 124  185 132  185 136  185 140  185 141  185 150  185 177  185 180  185 184  185 189  185 197  185 199  185 237  185 238  185 262  185 264  185 279  185 290  
186 220  186 274  
187 43  187 45  
188 18  
189 18  189 220  
191 45  191 157  
192 18  192 70  192 144  
194 43  
195 199  
196 144  
197 1  197 262  197 279  
199 1  199 70  199 199  199 212  
200 262  
201 70  201 212  201 279  
202 70  202 144  202 212  202 279  
203 45  203 144  203 212  
204 70  204 274  204 279  
205 45  
206 18  206 199  
207 18  207 274  
209 212  
211 58  211 212  
212 1  
214 274  
215 1  215 144  
216 43  216 70  
217 45  217 262  217 274  
218 4  218 16  218 31  218 48  218 51  218 53  218 70  218 83  218 96  218 103  218 114  218 118  218 160  218 164  218 167  218 170  218 172  218 177  218 188  218 190  218 197  218 199  218 200  218 219  218 226  218 229  218 231  218 245  218 259  218 274  218 289  218 295  
219 45  219 279  
220 45  220 140  
221 157  221 279  
222 199  
223 2  223 14  223 24  223 39  223 50  223 53  223 59  223 62  223 63  223 64  223 78  223 92  223 97  223 101  223 103  223 140  223 144  223 144  223 146  223 172  223 176  223 181  223 199  223 207  223 229  223 249  223 262  223 278  223 288  223 293  223 297  223 298  
225 212  225 220  
226 212  226 262  
227 58  227 140  227 220  227 262  
228 45  228 70  228 144  228 262  228 279  
231 199  
232 199  
233 1  233 157  233 199  
234 70  234 144  
236 157  
237 1  
238 279  
239 18  239 58  239 70  
240 18  
241 144  241 274  
242 21  242 36  242 38  242 43  242 63  242 68  242 69  242 70  242 72  242 76  242 119  242 133  242 143  242 147  242 149  242 155  242 161  242 173  242 175  242 179  242 185  242 188  242 213  242 233  242 246  242 264  242 268  242 271  242 279  242 282  242 289  
245 43  245 157  
246 144  246 157  246 212  246 279  
247 212  247 262  
248 58  248 157  
249 220  
250 45  250 262  
251 1  251 8  251 12  251 19  251 29  251 38  251 51  251 61  251 69  251 70  251 75  251 77  251 85  251 91  251 101  251 115  251 138  251 157  251 191  251 194  251 212  251 213  251 226  251 228  251 238  251 242  251 250  251 252  251 253  251 254  251 262  251 270  251 288  251 299  
252 140  252 262  
253 18  
254 212  
255 45  255 199  
256 140  
257 274  
258 274  
259 18  259 43  
261 199  261 212  261 262  
262 199  262 212  262 262  
263 140  263 199  263 212  
264 18  
265 199  
269 43  
270 43  270 157  
271 1  271 18  271 43  
272 1  272 43  272 144  
273 274  273 279  
274 1  274 279  
275 140  
276 70  
278 43  278 262  
279 18  279 58  279 157  
280 140  280 199  
284 212  284 279  
286 157  286 220  286 279  
287 58  287 144  287 199  287 220  
288 58  288 220  
289 157  
290 157  
291 1  
292 18  292 58  292 140  
293 18  293 58  293 70  
294 140  
296 7  296 16  296 43  296 47  296 51  296 52  296 61  296 70  296 71  296 110  296 112  296 113  296 117  296 142  296 149  296 162  296 170  296 189  296 197  296 199  296 212  296 214  296 220  296 237  296 254  296 266  296 282  296 283  296 289  296 292  296 295  
297 212  
298 45  
299 58  299 157  
