10 10
0.01000 0.01000 0.01000 0.01000 0.01000 0.01000 0.01000 0.01000 0.91000 0.01000 
0.10000 0.10000 0.10000 0.10000 0.10000 0.10000 0.10000 0.10000 0.10000 0.10000 
0.10000 0.10000 0.10000 0.10000 0.10000 0.10000 0.10000 0.10000 0.10000 0.10000 
0.10000 0.10000 0.10000 0.10000 0.10000 0.10000 0.10000 0.10000 0.10000 0.10000 
0.10000 0.10000 0.10000 0.10000 0.10000 0.10000 0.10000 0.10000 0.10000 0.10000 
0.01000 0.01000 0.39077 0.01000 0.04462 0.01000 0.01000 0.01000 0.49462 0.01000 
0.01000 0.01000 0.01000 0.01000 0.01000 0.01000 0.01000 0.01000 0.91000 0.01000 
0.10000 0.10000 0.10000 0.10000 0.10000 0.10000 0.10000 0.10000 0.10000 0.10000 
0.01000 0.01000 0.91000 0.01000 0.01000 0.01000 0.01000 0.01000 0.01000 0.01000 
0.10000 0.10000 0.10000 0.10000 0.10000 0.10000 0.10000 0.10000 0.10000 0.10000 
