20 20
0.00500 0.00500 0.00500 0.00500 0.00500 0.00500 0.00500 0.00500 0.00500 0.00500 0.90500 0.00500 0.00500 0.00500 0.00500 0.00500 0.00500 0.00500 0.00500 0.00500 
0.00500 0.00500 0.00500 0.00500 0.00500 0.00500 0.00500 0.00500 0.00500 0.00500 0.90500 0.00500 0.00500 0.00500 0.00500 0.00500 0.00500 0.00500 0.00500 0.00500 
0.00500 0.00500 0.00500 0.00500 0.00500 0.00500 0.00500 0.00500 0.00500 0.00500 0.90500 0.00500 0.00500 0.00500 0.00500 0.00500 0.00500 0.00500 0.00500 0.00500 
0.00500 0.00500 0.00500 0.00500 0.00500 0.00500 0.00500 0.00500 0.00500 0.00500 0.90500 0.00500 0.00500 0.00500 0.00500 0.00500 0.00500 0.00500 0.00500 0.00500 
0.90500 0.00500 0.00500 0.00500 0.00500 0.00500 0.00500 0.00500 0.00500 0.00500 0.00500 0.00500 0.00500 0.00500 0.00500 0.00500 0.00500 0.00500 0.00500 0.00500 
0.00500 0.00500 0.00500 0.00500 0.00500 0.00500 0.90500 0.00500 0.00500 0.00500 0.00500 0.00500 0.00500 0.00500 0.00500 0.00500 0.00500 0.00500 0.00500 0.00500 
0.00500 0.00500 0.00500 0.00500 0.00500 0.00500 0.00500 0.00500 0.90500 0.00500 0.00500 0.00500 0.00500 0.00500 0.00500 0.00500 0.00500 0.00500 0.00500 0.00500 
0.00500 0.00500 0.00500 0.00500 0.00500 0.00500 0.00500 0.00500 0.00500 0.00500 0.00500 0.90500 0.00500 0.00500 0.00500 0.00500 0.00500 0.00500 0.00500 0.00500 
0.00500 0.00500 0.00500 0.00500 0.00500 0.00500 0.00500 0.00500 0.00500 0.90500 0.00500 0.00500 0.00500 0.00500 0.00500 0.00500 0.00500 0.00500 0.00500 0.00500 
0.00500 0.00500 0.00500 0.00500 0.00500 0.00500 0.00500 0.00500 0.00500 0.00500 0.90500 0.00500 0.00500 0.00500 0.00500 0.00500 0.00500 0.00500 0.00500 0.00500 
0.00500 0.00500 0.00500 0.00500 0.00500 0.00500 0.00500 0.00500 0.00500 0.00500 0.90500 0.00500 0.00500 0.00500 0.00500 0.00500 0.00500 0.00500 0.00500 0.00500 
0.00500 0.00500 0.90500 0.00500 0.00500 0.00500 0.00500 0.00500 0.00500 0.00500 0.00500 0.00500 0.00500 0.00500 0.00500 0.00500 0.00500 0.00500 0.00500 0.00500 
0.00500 0.00500 0.00500 0.00500 0.00500 0.00500 0.00500 0.00500 0.00500 0.00500 0.00500 0.00500 0.00500 0.00500 0.00500 0.90500 0.00500 0.00500 0.00500 0.00500 
0.00500 0.00500 0.00500 0.00500 0.00500 0.00500 0.00500 0.00500 0.00500 0.00500 0.00500 0.00500 0.00500 0.00500 0.90500 0.00500 0.00500 0.00500 0.00500 0.00500 
0.00500 0.00500 0.00500 0.00500 0.00500 0.00500 0.00500 0.90500 0.00500 0.00500 0.00500 0.00500 0.00500 0.00500 0.00500 0.00500 0.00500 0.00500 0.00500 0.00500 
0.00500 0.00500 0.00500 0.00500 0.00500 0.90500 0.00500 0.00500 0.00500 0.00500 0.00500 0.00500 0.00500 0.00500 0.00500 0.00500 0.00500 0.00500 0.00500 0.00500 
0.00500 0.90500 0.00500 0.00500 0.00500 0.00500 0.00500 0.00500 0.00500 0.00500 0.00500 0.00500 0.00500 0.00500 0.00500 0.00500 0.00500 0.00500 0.00500 0.00500 
0.00500 0.00500 0.00500 0.04786 0.04786 0.00500 0.00500 0.00500 0.00500 0.00500 0.60500 0.00500 0.04786 0.04786 0.00500 0.00500 0.04786 0.04786 0.04786 0.00500 
0.00500 0.00500 0.00500 0.00500 0.00500 0.00500 0.00500 0.00500 0.00500 0.00500 0.00500 0.00500 0.00500 0.00500 0.00500 0.00500 0.00500 0.00500 0.00500 0.90500 
0.00500 0.00500 0.00500 0.00500 0.00500 0.00500 0.00500 0.00500 0.00500 0.00500 0.90500 0.00500 0.00500 0.00500 0.00500 0.00500 0.00500 0.00500 0.00500 0.00500 
