330
0 84  0 230  0 232  0 311  
1 127  1 131  1 161  1 286  1 287  
2 32  2 161  2 251  2 268  2 300  2 305  
3 118  3 120  3 237  3 250  3 287  3 301  3 311  3 314  
4 38  4 131  4 237  4 300  4 301  4 313  
5 23  5 149  5 216  5 220  5 240  5 282  5 288  5 303  
6 26  6 77  6 80  6 99  6 132  6 246  
7 47  7 48  7 156  7 234  7 242  7 252  7 305  7 306  
8 302  8 303  8 307  
9 36  9 98  9 283  9 303  
10 179  10 257  10 262  10 301  10 302  
11 77  11 305  11 307  
12 147  12 309  12 311  
13 57  13 125  
14 5  14 171  14 211  14 240  14 303  14 304  14 307  14 310  14 313  
15 162  15 228  
16 122  16 273  16 300  16 309  
17 253  17 304  17 306  
18 45  18 208  18 265  
19 6  19 131  19 201  
20 68  20 180  20 289  20 305  
21 202  21 211  21 277  21 303  21 304  21 306  21 308  
22 84  22 157  22 259  22 302  22 310  22 312  22 313  
23 111  23 295  
24 59  24 126  24 225  24 259  24 272  24 301  
25 64  25 191  25 254  25 258  25 303  
26 103  26 106  26 118  26 213  26 264  
27 17  27 66  27 83  27 312  
28 20  28 99  28 126  28 192  28 258  28 303  28 312  
29 170  
30 51  30 92  30 153  30 313  
31 52  31 73  31 308  
32 228  32 312  
33 189  33 268  33 286  33 309  
34 116  34 118  34 307  34 314  
35 302  
36 120  36 203  
37 70  37 77  37 143  37 163  37 218  37 228  37 247  37 276  37 301  
38 62  38 126  38 139  38 180  38 189  38 221  38 237  38 307  
39 128  39 194  39 208  39 242  39 261  39 312  
40 99  40 242  40 313  40 314  
41 193  41 227  41 302  41 306  
42 30  42 193  42 291  42 310  
43 270  43 295  43 313  
44 158  44 193  44 209  44 302  44 308  44 310  44 311  
45 150  45 287  45 287  45 312  
46 60  46 68  46 95  46 98  46 115  
47 107  
48 18  48 120  48 309  
49 35  49 107  49 137  49 308  
50 200  50 255  
51 128  51 216  51 305  51 307  51 308  51 314  
52 80  52 204  
53 50  53 72  53 176  53 219  53 307  53 308  53 312  
54 62  54 103  54 302  54 303  54 306  54 314  
55 39  55 66  55 87  55 302  55 308  
56 28  56 115  56 154  56 257  56 294  56 303  
57 155  57 261  57 281  57 303  57 312  
58 214  58 255  58 302  
59 83  59 96  59 182  59 193  59 313  59 314  
60 111  60 146  60 171  60 223  60 287  
61 49  61 64  61 83  61 273  
62 107  62 160  62 202  62 221  62 310  
63 68  63 71  63 312  
64 38  64 69  64 300  64 312  
65 159  65 297  65 300  65 304  65 308  65 313  
66 61  66 64  66 192  66 234  66 284  66 300  
67 53  67 264  67 314  
68 203  
69 26  69 214  69 275  69 302  69 309  
70 143  70 147  70 152  70 213  70 300  
71 31  71 75  71 126  71 192  71 207  71 306  71 311  
72 178  72 256  72 305  72 314  
73 42  73 149  73 309  73 311  
74 264  74 301  74 305  74 309  
76 86  76 93  76 215  
77 60  77 119  77 306  77 307  
78 24  78 25  78 169  78 295  78 302  
79 5  79 13  79 69  79 199  79 252  79 305  79 314  
80 62  80 91  80 101  80 261  
81 181  
82 28  82 95  82 141  82 197  82 221  82 300  
83 80  83 300  83 304  
84 88  84 99  84 176  84 312  
85 57  85 305  85 307  85 312  
86 43  86 52  86 233  86 256  86 307  86 314  
87 47  87 151  87 222  87 303  87 313  
88 75  88 139  88 267  88 303  88 310  
89 16  89 57  89 192  89 223  89 229  89 252  89 303  89 304  
90 17  90 98  90 254  90 311  
91 176  91 183  
92 28  92 41  92 103  92 130  92 136  92 300  92 307  92 309  
93 300  93 301  93 305  
94 250  94 311  94 312  
95 114  95 115  95 123  95 269  95 304  95 306  95 311  
96 4  96 195  96 251  
97 29  97 116  97 222  97 305  97 313  
98 78  98 190  98 247  98 310  
99 82  99 87  99 89  99 118  99 160  99 253  99 290  99 310  
100 10  100 37  100 81  100 198  100 217  100 310  
101 212  
102 26  102 57  102 302  102 309  
103 1  103 65  103 258  
104 20  104 48  104 73  104 101  104 106  104 109  104 125  104 192  104 223  104 303  104 310  
105 88  105 124  105 210  105 246  
106 80  106 167  106 300  106 304  106 308  
107 155  107 173  107 280  107 314  
108 35  108 58  108 64  108 313  
109 18  109 28  109 41  109 126  109 305  
110 124  110 239  110 303  
111 193  111 263  111 282  111 314  
112 170  112 290  112 303  
113 34  113 111  113 300  113 309  
114 18  114 76  114 101  114 221  114 264  114 313  
115 68  115 97  115 111  115 142  115 156  115 306  115 308  
116 32  116 56  116 297  116 305  116 310  116 313  
117 14  117 28  117 48  117 84  117 157  117 168  117 174  117 195  117 239  
118 100  118 122  118 124  118 303  118 311  
119 308  
120 77  120 187  120 230  120 293  120 301  120 303  120 304  120 313  
121 61  121 193  
122 1  122 21  122 261  122 307  
123 52  123 95  123 230  123 289  
124 128  124 304  
125 198  
126 220  126 303  126 313  
127 10  127 72  127 161  127 238  127 303  127 309  
128 72  128 167  128 234  128 306  
129 61  129 187  129 268  
130 27  130 309  
131 262  131 313  
132 73  132 100  132 170  132 268  132 302  132 305  
133 43  133 68  133 224  133 225  133 244  133 264  
134 35  134 65  134 91  134 169  134 312  
135 27  135 234  135 266  135 310  
136 13  136 63  136 108  136 124  136 149  136 184  136 269  136 304  
137 37  137 59  137 306  137 310  
138 68  138 76  138 260  138 303  138 311  
139 98  139 208  139 232  139 304  139 307  139 308  
140 253  140 300  140 306  
141 301  141 307  141 309  
142 56  142 179  142 252  
143 83  143 133  143 137  143 137  143 178  143 203  143 228  143 280  143 310  
144 152  144 152  144 306  
145 126  145 198  145 269  145 308  
146 79  146 84  146 254  
147 164  147 298  147 308  147 314  
148 46  148 202  148 225  148 234  148 304  148 312  
149 154  149 265  149 286  149 301  149 302  149 306  149 311  
150 12  150 44  150 140  150 308  150 309  150 313  
151 222  151 240  151 282  151 305  
152 35  152 58  152 159  152 203  152 228  152 307  152 308  
153 109  153 292  153 308  153 311  
154 52  154 238  154 252  154 312  
155 9  155 98  155 123  155 150  155 193  155 309  
156 123  156 180  156 218  156 251  
157 69  157 179  157 244  157 303  157 310  
158 8  158 260  158 302  158 306  158 309  
159 66  159 203  159 306  
160 47  160 201  160 301  160 314  
161 63  161 82  161 187  161 300  161 310  161 313  
162 178  162 301  162 307  162 313  
163 4  163 53  163 143  163 304  163 312  
164 22  164 55  164 256  164 306  164 307  164 313  164 314  
165 196  165 227  165 227  
166 122  166 241  166 304  166 306  
167 30  167 75  167 213  167 309  
168 47  168 102  168 283  168 306  168 313  
169 187  169 224  169 230  169 243  169 252  169 312  
170 301  170 304  170 307  170 309  170 311  170 312  
171 130  171 269  171 314  
172 100  172 254  172 256  172 256  172 301  172 313  
173 34  173 288  173 314  
174 18  174 47  174 71  174 116  174 306  
175 48  175 305  
176 25  176 308  176 312  
177 93  177 130  
178 42  178 184  
179 6  179 165  179 305  
180 32  180 70  180 182  180 292  180 306  
181 138  181 240  181 291  181 310  
182 104  182 107  182 145  182 190  182 236  182 301  182 305  182 314  
183 175  183 256  183 269  183 305  183 307  
184 66  184 155  184 158  184 269  
185 100  185 198  185 312  
186 23  186 190  186 232  186 292  186 308  186 310  186 311  
187 154  187 213  187 239  187 286  187 308  
188 6  188 215  188 230  188 309  
189 16  189 187  189 282  189 301  189 302  189 308  189 312  
190 19  190 28  190 160  190 229  190 277  190 302  
191 205  191 213  191 234  
192 158  192 255  192 300  192 302  192 314  
193 33  193 40  193 251  
194 60  194 96  
195 76  
196 13  196 122  
197 81  197 152  
198 13  198 100  198 301  198 308  
199 139  199 303  
200 101  200 137  200 152  200 158  200 208  200 219  200 306  200 310  200 311  
201 238  201 307  201 313  
202 157  202 211  202 243  202 302  
203 30  203 51  203 170  203 187  203 210  203 238  203 262  203 263  203 306  
204 19  204 38  204 77  204 298  204 301  204 302  
205 39  205 48  205 285  
206 300  206 308  206 311  206 314  
207 11  207 133  207 193  207 257  
208 201  208 301  208 303  208 306  208 309  208 314  
209 301  209 305  209 309  
210 69  210 301  
211 155  211 221  211 221  211 271  211 310  211 312  
212 121  212 233  212 233  212 293  
213 40  213 89  213 151  213 190  213 258  213 301  213 305  
214 181  214 282  214 283  214 290  214 301  214 304  214 306  214 308  
215 308  215 310  
217 6  217 39  217 255  217 266  217 313  
218 5  218 23  218 55  218 102  218 105  218 109  218 125  218 304  
219 9  219 46  219 79  219 194  219 304  219 309  219 310  219 313  
220 60  220 66  220 248  220 282  220 283  
221 88  221 124  221 303  
222 62  222 209  222 309  
223 286  223 300  223 301  223 302  223 304  223 307  223 309  
224 90  224 127  224 168  224 254  224 311  
225 110  225 233  225 258  225 304  225 307  225 309  225 312  
226 211  226 302  226 312  
227 30  227 273  227 293  227 300  227 307  227 308  227 311  
228 46  228 119  228 280  228 296  
229 4  229 313  
230 11  230 58  230 86  230 158  230 196  230 262  230 300  230 307  
231 175  231 227  231 292  231 303  231 304  
232 125  232 250  232 282  232 300  232 310  
233 170  233 187  233 300  
234 302  234 311  
235 6  235 176  235 314  
236 66  236 76  236 180  236 305  236 310  
237 8  237 306  237 310  
238 162  238 309  238 314  
239 257  239 310  239 312  239 314  
240 33  240 179  240 248  
241 25  241 282  241 311  
242 80  242 191  242 220  242 288  242 302  242 306  
243 55  243 101  243 138  243 243  243 257  243 302  243 303  
244 260  244 300  244 309  
245 51  245 173  245 240  245 304  245 311  
246 170  246 313  
247 26  247 112  247 261  247 302  247 308  247 311  247 314  
248 254  
249 111  249 122  249 229  249 305  249 312  
250 57  250 148  250 163  250 314  
251 18  251 202  251 216  
252 112  252 115  252 197  252 271  252 297  252 307  
253 56  253 60  253 74  253 270  253 300  
254 118  254 263  
255 301  255 304  
256 95  256 108  256 167  256 300  256 314  
257 70  257 306  
258 168  258 206  258 250  258 309  
259 92  259 307  
260 31  260 40  260 146  260 189  260 199  260 230  260 263  
261 74  261 139  261 249  261 250  261 260  261 286  261 308  
262 13  262 127  262 240  262 307  262 312  
263 218  263 234  263 307  263 311  263 313  
264 10  264 21  264 31  264 165  264 261  264 276  264 301  264 311  
265 179  265 303  265 305  
266 43  266 55  266 165  266 305  266 308  
267 40  267 69  267 137  267 145  267 231  267 280  
268 20  268 38  268 78  268 177  268 303  
269 9  269 193  269 210  269 243  269 297  269 304  269 306  
270 108  270 160  270 314  
271 192  271 266  271 304  271 310  271 311  
272 3  272 36  272 39  272 233  272 237  
273 219  273 234  273 268  273 305  273 307  273 313  273 314  
274 37  274 146  274 161  
275 30  275 73  275 243  275 302  275 308  275 311  
276 26  276 112  276 138  276 302  
277 34  277 52  277 166  277 201  277 201  277 208  277 229  277 270  
278 87  278 215  278 301  
279 9  279 80  279 115  279 248  279 263  279 290  279 310  
280 241  280 241  280 268  280 306  280 311  
281 95  281 178  281 282  281 301  
282 106  282 112  282 302  282 310  
283 164  283 216  283 246  283 305  
284 36  284 49  284 50  284 286  284 304  
285 14  285 300  285 311  285 314  
286 70  286 110  286 202  286 233  286 300  286 303  286 305  286 312  
287 152  287 247  287 296  287 300  287 307  
288 78  
289 87  289 117  289 118  289 249  289 274  289 305  
290 106  290 170  290 171  290 202  290 304  290 309  290 310  290 312  
291 21  291 162  
292 96  
293 70  293 141  293 195  293 237  293 250  293 301  293 313  
294 146  294 151  294 287  294 302  
295 238  295 285  295 300  295 305  
296 124  296 304  296 311  
297 78  297 99  297 100  297 212  297 309  
298 72  298 300  298 304  
299 30  299 77  299 280  299 301  
315 7  315 10  315 12  315 22  315 23  315 46  315 61  315 65  315 76  315 79  315 86  315 92  315 105  315 140  315 147  315 155  315 171  315 175  315 176  315 190  315 201  315 205  315 207  315 226  315 228  315 238  315 241  315 259  315 260  315 268  
316 2  316 26  316 32  316 36  316 42  316 48  316 50  316 51  316 92  316 99  316 101  316 109  316 115  316 116  316 125  316 139  316 147  316 154  316 156  316 162  316 165  316 168  316 174  316 191  316 215  316 226  316 230  316 258  316 259  316 261  
317 2  317 5  317 6  317 17  317 28  317 48  317 49  317 50  317 54  317 65  317 71  317 112  317 115  317 127  317 134  317 147  317 160  317 174  317 177  317 187  317 200  317 217  317 223  317 225  317 226  317 228  317 252  317 262  317 263  317 288  
318 39  318 45  318 49  318 61  318 67  318 76  318 84  318 100  318 114  318 116  318 119  318 127  318 128  318 133  318 139  318 148  318 161  318 167  318 190  318 200  318 214  318 215  318 216  318 228  318 231  318 232  318 257  318 262  318 270  318 294  
319 1  319 4  319 13  319 40  319 61  319 71  319 81  319 84  319 90  319 91  319 94  319 100  319 111  319 133  319 141  319 149  319 157  319 160  319 176  319 203  319 205  319 224  319 228  319 243  319 254  319 273  319 285  319 288  319 292  319 294  
320 1  320 6  320 8  320 12  320 13  320 19  320 23  320 26  320 31  320 32  320 48  320 54  320 58  320 59  320 80  320 93  320 95  320 99  320 102  320 111  320 114  320 130  320 133  320 190  320 199  320 202  320 214  320 246  320 283  320 298  
321 0  321 15  321 30  321 58  321 62  321 88  321 89  321 96  321 98  321 117  321 122  321 124  321 141  321 142  321 146  321 157  321 158  321 171  321 173  321 180  321 186  321 212  321 214  321 219  321 230  321 243  321 244  321 262  321 282  321 287  
322 0  322 11  322 28  322 29  322 33  322 34  322 38  322 46  322 55  322 66  322 71  322 75  322 83  322 104  322 107  322 140  322 143  322 148  322 160  322 180  322 183  322 191  322 209  322 213  322 230  322 239  322 240  322 254  322 276  322 298  
323 6  323 16  323 25  323 39  323 57  323 61  323 78  323 85  323 104  323 112  323 121  323 132  323 137  323 143  323 147  323 148  323 152  323 169  323 173  323 177  323 193  323 205  323 206  323 238  323 242  323 251  323 265  323 274  323 286  323 287  
324 19  324 29  324 38  324 59  324 71  324 81  324 88  324 89  324 99  324 113  324 128  324 135  324 150  324 151  324 171  324 174  324 181  324 182  324 184  324 192  324 202  324 209  324 212  324 218  324 223  324 227  324 236  324 242  324 274  324 293  
325 19  325 29  325 35  325 42  325 48  325 49  325 56  325 57  325 65  325 66  325 82  325 95  325 99  325 108  325 122  325 146  325 153  325 160  325 163  325 169  325 178  325 194  325 199  325 210  325 215  325 218  325 247  325 254  325 255  325 270  
326 0  326 8  326 13  326 32  326 64  326 94  326 98  326 104  326 107  326 120  326 121  326 140  326 148  326 154  326 164  326 170  326 177  326 179  326 182  326 195  326 199  326 203  326 235  326 237  326 239  326 246  326 252  326 257  326 261  326 288  
327 0  327 8  327 11  327 14  327 45  327 50  327 54  327 58  327 61  327 84  327 93  327 95  327 103  327 105  327 115  327 142  327 144  327 145  327 146  327 152  327 153  327 195  327 241  327 243  327 245  327 265  327 269  327 283  327 288  327 297  
328 11  328 17  328 27  328 37  328 56  328 59  328 60  328 63  328 68  328 92  328 94  328 113  328 114  328 118  328 122  328 139  328 155  328 172  328 195  328 203  328 229  328 231  328 244  328 252  328 268  328 284  328 286  328 296  328 297  328 299  
329 3  329 8  329 14  329 34  329 40  329 58  329 66  329 76  329 77  329 78  329 84  329 87  329 98  329 100  329 104  329 112  329 118  329 124  329 125  329 136  329 150  329 162  329 174  329 176  329 206  329 224  329 230  329 252  329 272  329 276  
