330
0 121  0 145  0 222  0 304  0 307  
1 124  1 179  1 226  1 264  1 299  1 309  1 314  
2 2  2 111  2 301  2 303  
3 25  3 98  3 189  3 232  
4 4  4 31  4 46  4 287  4 301  4 301  
5 42  5 51  5 97  5 166  5 277  5 281  
6 20  6 44  6 48  6 110  6 137  6 165  6 188  6 231  6 312  
7 65  7 220  7 308  
8 177  8 302  8 304  8 304  8 312  
9 65  9 261  9 301  9 301  9 301  9 306  9 306  9 312  
10 39  10 40  10 50  10 99  10 217  10 285  10 300  10 310  10 311  10 311  
11 196  11 303  
12 20  12 167  12 199  12 312  
13 2  13 36  13 77  13 99  13 113  13 205  13 221  13 283  13 292  13 303  13 304  13 305  13 309  13 312  
14 0  14 155  14 231  14 241  
15 167  15 213  15 314  
16 172  16 174  16 255  16 300  
17 161  17 286  
18 135  18 149  18 267  18 306  18 314  
19 69  19 72  19 86  19 131  19 196  19 212  19 314  
20 35  20 60  20 64  20 146  20 226  20 247  20 300  20 309  20 314  
21 232  21 284  21 289  
22 192  22 301  22 301  
23 36  23 63  23 109  23 248  
24 121  24 164  24 215  24 313  
25 190  25 252  
26 274  26 312  
27 32  27 133  27 220  27 235  27 302  
28 60  28 143  28 166  28 215  28 297  28 300  28 302  28 303  28 305  28 307  28 313  
29 12  29 34  29 304  29 310  29 314  
30 200  
31 93  31 155  31 227  31 246  31 313  31 313  
32 46  32 302  32 312  
33 39  33 305  33 308  33 310  33 312  
34 76  34 307  34 312  
35 215  35 249  35 306  
36 42  36 129  36 146  36 156  36 252  36 279  36 306  36 313  
37 53  37 100  37 137  37 303  37 312  
38 57  38 87  38 102  38 222  38 266  38 290  
39 68  39 114  39 130  39 134  39 168  39 302  39 313  
40 154  
41 100  41 214  
42 5  42 301  42 302  42 304  
43 302  43 305  43 308  
44 78  44 307  
45 28  45 65  45 101  45 105  45 136  
46 313  
47 251  47 263  
48 20  48 135  48 152  48 173  48 206  48 307  48 308  48 310  
49 114  49 202  49 302  49 305  49 312  
50 114  50 190  50 300  50 314  
51 15  51 84  51 160  51 306  
52 203  52 203  52 210  52 248  52 305  
53 26  53 113  53 125  53 128  53 265  
54 123  54 124  54 124  54 196  54 254  54 260  54 267  54 285  54 300  54 302  
55 6  55 21  55 140  55 300  55 302  55 303  55 308  55 312  
56 38  56 249  56 304  56 309  56 310  
57 3  57 151  57 180  57 285  57 308  
58 135  58 166  58 304  
59 299  
60 172  60 243  60 281  60 312  
61 54  61 262  61 286  61 300  61 301  61 303  
62 181  62 308  
63 232  63 300  63 306  
64 10  64 35  64 42  64 187  64 310  64 312  
65 103  65 274  65 285  65 285  65 314  
66 216  66 298  66 309  66 311  
67 1  67 10  67 130  67 147  67 301  67 304  67 307  67 311  67 311  
68 75  68 302  68 308  
69 36  69 42  69 173  69 215  69 309  69 309  
70 263  70 305  70 307  
71 133  71 162  71 312  
72 59  72 124  72 140  72 176  72 246  72 302  
73 162  73 313  
74 101  74 221  74 300  74 309  
75 0  75 132  75 143  75 165  75 302  75 304  75 305  75 305  
76 225  76 312  
77 36  77 162  77 308  
78 95  78 99  78 144  78 177  78 245  78 310  78 312  
79 1  79 48  79 206  
80 36  80 50  80 277  80 283  80 302  
81 80  81 145  
82 9  82 141  82 285  82 300  82 310  
83 34  83 49  83 224  83 313  
84 13  84 300  84 301  84 302  84 307  
85 217  85 236  85 243  85 290  
86 34  86 51  86 205  86 210  86 218  86 227  
87 225  87 276  87 300  87 311  
88 44  88 87  88 95  88 140  88 217  
89 56  89 147  89 150  89 307  
90 6  90 63  90 233  90 240  90 311  
91 35  91 36  91 167  91 256  91 271  91 303  
92 37  92 308  92 313  
93 38  93 42  93 174  93 294  93 302  93 307  93 308  93 311  
94 24  94 33  94 159  94 306  
95 183  95 254  95 301  95 311  
96 165  96 194  96 225  96 230  96 314  
97 132  97 218  97 302  97 304  97 306  97 311  97 314  
98 41  98 89  98 223  
99 32  99 41  99 278  99 305  99 305  
100 7  100 108  100 226  100 306  100 313  
101 47  101 221  101 280  101 303  101 309  
102 94  102 308  
103 90  103 157  103 301  103 305  103 310  
104 76  104 125  104 299  104 303  104 308  104 309  104 313  
105 41  105 239  105 295  
106 41  106 198  106 302  
107 187  107 208  107 306  
108 173  108 227  108 243  
109 70  109 142  109 145  
110 241  110 267  110 302  110 304  110 310  
111 76  111 167  111 309  111 312  
112 10  112 118  112 125  112 179  112 212  112 213  112 237  
113 151  
114 185  114 191  114 239  
115 35  115 151  115 170  115 243  115 269  115 300  115 309  
116 237  116 300  
117 119  117 305  
118 86  118 96  118 150  
119 179  119 255  119 277  119 287  119 307  
120 40  120 62  120 138  120 291  
121 33  121 48  121 217  121 290  121 305  121 306  
122 12  122 108  122 218  122 308  
123 74  123 190  123 209  
124 99  124 128  124 163  124 190  124 300  124 310  124 313  
125 29  125 53  125 116  125 269  
126 106  126 118  126 141  126 254  126 304  126 311  126 313  
127 300  127 304  
128 15  128 127  128 159  128 165  128 287  128 311  128 314  
129 70  129 139  129 189  129 303  
130 3  130 106  130 137  130 233  130 311  
131 24  131 55  131 68  131 139  131 140  131 224  131 255  
132 4  132 42  132 100  132 150  132 300  132 302  132 304  132 306  
133 36  133 49  133 76  133 125  133 227  133 275  133 294  
134 25  134 133  134 305  134 309  134 309  134 314  
135 153  135 193  135 262  135 297  135 310  
136 69  136 132  136 158  136 306  136 310  136 311  136 313  136 313  
137 11  137 309  
138 1  138 132  138 172  138 219  138 255  138 304  
139 50  139 66  139 145  139 161  139 166  139 185  139 227  139 308  
140 94  140 121  140 133  140 150  140 301  
141 24  141 249  141 267  141 301  141 305  141 314  
142 71  142 277  142 279  142 306  
143 175  143 191  143 264  143 305  143 306  
144 40  144 77  144 147  144 244  144 312  
145 34  145 66  145 189  145 207  145 303  145 303  145 308  
146 100  
147 144  
148 74  148 263  
149 69  149 86  149 101  149 225  149 307  
150 106  150 133  150 282  150 301  150 306  150 306  
151 126  
152 53  152 136  152 197  
153 66  153 173  153 262  153 305  153 312  
154 28  154 155  154 173  
155 16  155 74  155 101  
156 15  156 74  156 163  156 218  156 239  156 293  156 301  156 311  
157 55  157 157  
158 61  158 225  158 226  158 293  158 314  
159 13  159 178  159 216  159 252  159 262  159 309  
160 27  160 93  160 221  160 258  160 289  160 290  160 297  160 300  160 302  
161 1  161 22  161 51  161 141  161 162  161 193  161 282  
162 26  162 28  162 75  162 166  162 172  162 304  162 314  162 314  162 314  
163 57  163 125  163 127  163 236  163 277  
164 2  164 139  
165 162  165 303  165 310  165 313  
166 9  166 76  166 222  
167 4  167 259  167 273  
168 23  168 107  168 285  168 303  168 304  
169 310  169 311  
170 185  170 187  170 204  170 273  170 276  170 308  170 309  
171 4  171 87  171 117  171 193  171 203  171 208  171 278  
172 311  
173 36  173 208  173 255  173 280  173 303  
174 164  174 278  
175 282  175 297  175 304  175 313  
176 59  176 72  176 266  176 307  
177 36  177 83  177 88  177 161  177 250  177 261  177 300  177 305  177 309  
178 105  178 161  178 169  178 188  178 207  178 280  178 306  178 307  178 307  
179 18  179 171  179 177  179 205  179 309  179 309  179 311  179 311  
180 26  180 172  180 302  
181 118  181 131  181 205  181 239  181 263  181 309  
182 15  182 150  182 200  182 304  182 310  
183 46  183 98  183 283  183 285  183 306  
184 41  184 136  184 269  
185 75  185 301  185 306  185 313  
186 177  186 196  186 199  186 211  186 301  186 308  
187 3  187 99  187 143  187 305  
188 305  188 306  
189 1  189 89  
190 212  190 300  190 302  
191 10  191 52  191 103  191 126  191 173  191 194  191 303  191 312  
192 189  192 193  192 279  192 302  192 311  
193 249  193 303  
194 11  194 146  194 236  194 275  
195 64  195 216  
196 67  
197 124  197 138  197 245  197 309  
198 157  198 182  198 244  198 253  198 258  198 279  
199 136  199 162  199 166  199 308  199 311  199 313  
200 40  200 277  200 302  200 304  
201 24  201 258  201 307  201 307  201 308  
202 27  202 114  202 213  202 260  202 301  202 304  202 304  
203 130  203 162  203 195  203 229  203 271  203 310  
204 242  204 260  
205 157  205 167  205 309  
206 28  206 129  206 186  
207 2  207 44  207 273  207 314  
208 84  208 118  208 277  208 306  208 307  
209 23  209 109  
210 17  210 74  210 289  210 301  210 308  
211 109  211 145  211 310  
212 45  212 134  212 140  212 186  212 186  212 215  212 301  212 302  212 310  212 312  212 314  
213 14  213 187  213 311  
214 17  214 86  214 154  214 309  214 310  
215 6  215 86  215 245  215 301  215 301  
216 19  
217 238  217 242  
218 273  218 313  
219 13  219 20  219 229  219 310  
220 300  220 301  
221 78  221 163  221 181  221 284  221 308  221 310  221 311  221 313  221 314  
222 166  222 210  222 300  222 304  222 307  222 314  
223 109  223 114  223 136  223 161  223 298  
225 32  225 116  225 262  225 304  
226 25  226 223  226 303  226 309  
227 29  227 73  227 201  227 212  227 314  227 314  
228 101  228 134  228 171  228 314  
229 51  229 95  229 177  229 254  229 306  229 311  
230 46  230 197  230 213  230 312  
231 112  231 137  231 156  231 303  231 313  231 314  
232 151  232 167  232 243  232 311  232 314  
233 56  233 303  233 304  233 314  
234 115  
235 19  235 104  235 301  235 306  235 314  
236 117  236 294  236 313  
237 145  237 305  
238 10  238 79  238 131  
239 109  239 311  
240 9  240 43  240 155  
241 19  241 37  241 104  241 115  241 206  
242 6  242 35  242 296  242 310  242 311  
243 51  243 79  243 108  243 196  
244 2  244 122  244 184  244 233  244 300  244 303  
245 13  245 76  245 149  245 303  
246 7  246 28  246 305  246 308  246 310  
247 237  247 306  247 307  
248 10  248 121  248 157  248 177  248 309  248 312  
249 66  249 108  249 229  249 275  249 307  249 308  
250 7  250 27  250 136  250 141  250 197  250 212  250 256  250 300  250 303  
251 147  251 233  251 290  251 303  251 306  251 308  
252 142  252 143  252 305  
253 67  253 143  253 217  253 243  
254 33  254 271  254 277  
255 125  255 295  255 306  255 312  
256 216  256 218  
257 6  257 301  257 303  257 305  257 306  257 307  257 309  257 310  257 311  
258 128  258 135  258 307  
259 28  259 42  259 105  259 303  
260 166  260 308  
261 302  261 306  261 310  
262 144  262 269  262 281  262 305  262 313  
263 6  263 23  263 141  263 208  263 300  263 302  
265 62  265 307  
266 194  266 256  266 270  266 283  
267 229  267 302  
268 115  268 293  
269 34  269 72  269 96  269 119  269 159  269 303  269 305  269 307  269 308  
270 35  270 108  270 245  
271 230  271 307  271 313  271 313  
272 13  
273 153  273 307  273 308  273 312  
274 86  
275 227  275 229  275 299  275 314  
276 30  276 300  276 300  276 305  
277 172  277 280  277 307  
278 58  278 124  278 236  278 301  278 304  
279 2  279 29  279 36  279 83  279 197  
280 155  280 199  280 249  280 283  280 309  280 314  
281 47  281 51  281 65  281 124  281 129  281 137  281 216  281 285  281 300  281 310  
282 57  282 128  282 193  282 247  282 304  282 310  282 312  282 313  
283 239  283 240  283 308  283 312  283 312  
284 31  284 79  284 176  284 222  
285 179  285 212  285 308  
286 114  286 204  286 253  
287 7  287 84  287 127  287 155  287 305  
288 83  288 220  288 300  288 307  
289 184  289 312  
290 1  290 181  290 202  290 309  
291 215  291 250  291 307  
292 6  292 50  292 178  292 190  292 257  292 303  292 311  
293 51  293 97  293 222  293 309  
294 2  294 94  294 283  294 303  294 305  
295 101  295 273  295 301  
296 44  296 119  296 249  296 304  296 310  
297 104  297 304  297 311  297 313  
298 74  298 152  298 310  
299 148  299 198  299 207  299 222  299 302  299 313  
315 30  315 71  315 79  315 84  315 84  315 95  315 109  315 110  315 115  315 120  315 126  315 127  315 132  315 146  315 148  315 149  315 151  315 163  315 179  315 186  315 196  315 197  315 210  315 214  315 228  315 269  315 288  315 288  315 290  315 296  
316 9  316 13  316 13  316 34  316 39  316 54  316 60  316 63  316 93  316 107  316 108  316 158  316 168  316 173  316 185  316 211  316 217  316 221  316 227  316 228  316 230  316 231  316 254  316 258  316 263  316 272  316 275  316 282  316 283  316 299  
317 2  317 16  317 17  317 31  317 36  317 42  317 84  317 100  317 101  317 119  317 120  317 122  317 128  317 137  317 139  317 152  317 159  317 182  317 186  317 194  317 205  317 235  317 237  317 265  317 267  317 268  317 280  317 281  317 288  317 299  
318 0  318 22  318 26  318 35  318 110  318 125  318 134  318 138  318 146  318 149  318 151  318 152  318 171  318 173  318 180  318 184  318 198  318 198  318 205  318 218  318 219  318 221  318 227  318 229  318 243  318 246  318 252  318 258  318 259  318 298  
319 3  319 5  319 7  319 9  319 11  319 28  319 32  319 36  319 75  319 79  319 85  319 97  319 104  319 107  319 111  319 119  319 151  319 152  319 157  319 177  319 201  319 209  319 244  319 252  319 256  319 271  319 272  319 294  319 297  319 299  
320 0  320 11  320 19  320 19  320 34  320 55  320 64  320 66  320 72  320 86  320 89  320 104  320 105  320 122  320 132  320 151  320 157  320 165  320 165  320 171  320 177  320 192  320 203  320 204  320 212  320 237  320 249  320 250  320 255  320 273  
321 2  321 8  321 15  321 23  321 38  321 55  321 61  321 75  321 75  321 75  321 79  321 80  321 93  321 108  321 114  321 129  321 143  321 155  321 169  321 177  321 186  321 187  321 193  321 210  321 226  321 246  321 251  321 270  321 294  321 296  
322 21  322 33  322 39  322 69  322 81  322 81  322 86  322 88  322 99  322 116  322 126  322 136  322 146  322 150  322 151  322 151  322 158  322 194  322 197  322 201  322 213  322 219  322 231  322 268  322 269  322 276  322 283  322 287  322 292  322 299  
323 20  323 26  323 30  323 32  323 49  323 53  323 60  323 73  323 87  323 93  323 124  323 139  323 144  323 152  323 159  323 162  323 164  323 185  323 198  323 223  323 240  323 240  323 263  323 265  323 267  323 269  323 280  323 282  323 285  323 298  
324 15  324 21  324 23  324 24  324 29  324 42  324 43  324 96  324 96  324 99  324 111  324 114  324 116  324 168  324 180  324 191  324 199  324 205  324 212  324 226  324 227  324 234  324 237  324 242  324 243  324 252  324 258  324 261  324 272  324 285  
325 1  325 10  325 31  325 54  325 55  325 59  325 63  325 85  325 88  325 101  325 102  325 108  325 118  325 126  325 130  325 134  325 137  325 156  325 165  325 181  325 184  325 204  325 225  325 231  325 239  325 248  325 278  325 278  325 282  325 283  
326 18  326 22  326 33  326 38  326 39  326 45  326 52  326 55  326 71  326 79  326 82  326 98  326 105  326 110  326 118  326 146  326 148  326 173  326 174  326 182  326 190  326 196  326 224  326 229  326 239  326 267  326 267  326 273  326 285  326 288  
327 4  327 5  327 8  327 13  327 20  327 24  327 40  327 47  327 51  327 60  327 73  327 84  327 88  327 90  327 94  327 105  327 117  327 129  327 132  327 155  327 157  327 157  327 169  327 169  327 190  327 190  327 223  327 275  327 277  327 283  
328 14  328 16  328 22  328 28  328 47  328 56  328 78  328 80  328 87  328 108  328 109  328 138  328 141  328 146  328 147  328 156  328 159  328 173  328 188  328 190  328 205  328 209  328 212  328 215  328 248  328 251  328 253  328 257  328 274  328 298  
329 0  329 0  329 4  329 11  329 12  329 15  329 22  329 31  329 45  329 56  329 66  329 67  329 73  329 96  329 101  329 107  329 110  329 118  329 122  329 159  329 189  329 191  329 202  329 217  329 220  329 222  329 225  329 240  329 288  329 298  
