300 15 15
 0 4 0 16 0 20 0 21 0 26 0 38 0 39 0 44 0 51 0 52 0 61 0 63 0 82 0 86 0 88 0 94 0 101 0 138 0 142 0 169 0 175 0 177 0 181 0 194 0 197 0 204 0 219 0 233 0 257 0 292 0 296
 1 11 1 16 1 33 1 34 1 38 1 50 1 67 1 75 1 87 1 93 1 102 1 114 1 120 1 123 1 129 1 132 1 144 1 151 1 155 1 191 1 220 1 226 1 229 1 245 1 251 1 262 1 274 1 288 1 290 1 296
 2 24 2 32 2 44 2 65 2 68 2 69 2 96 2 97 2 100 2 104 2 112 2 117 2 119 2 123 2 133 2 143 2 150 2 154 2 158 2 165 2 167 2 170 2 185 2 212 2 216 2 223 2 260 2 265 2 279 2 285 2 299
 3 7 3 22 3 24 3 26 3 28 3 35 3 73 3 83 3 86 3 90 3 115 3 115 3 120 3 120 3 165 3 170 3 175 3 182 3 186 3 197 3 209 3 211 3 232 3 238 3 239 3 244 3 258 3 272 3 278 3 288 3 290
 4 17 4 23 4 29 4 31 4 34 4 40 4 43 4 63 4 79 4 104 4 105 4 107 4 118 4 121 4 141 4 155 4 171 4 185 4 189 4 189 4 204 4 205 4 215 4 216 4 223 4 226 4 237 4 240 4 256 4 261 4 269 4 271
 5 16 5 20 5 25 5 26 5 27 5 27 5 38 5 54 5 71 5 77 5 87 5 89 5 89 5 106 5 109 5 110 5 123 5 146 5 149 5 153 5 169 5 187 5 198 5 200 5 207 5 212 5 240 5 248 5 252 5 253 5 266 5 276
 6 14 6 15 6 18 6 21 6 23 6 27 6 33 6 41 6 46 6 53 6 72 6 76 6 79 6 96 6 97 6 111 6 112 6 122 6 145 6 153 6 159 6 160 6 164 6 173 6 205 6 206 6 211 6 212 6 229 6 256 6 266 6 271 6 287 6 288
 7 12 7 21 7 28 7 39 7 44 7 75 7 75 7 77 7 84 7 86 7 99 7 102 7 121 7 130 7 141 7 150 7 151 7 161 7 171 7 171 7 174 7 180 7 194 7 227 7 228 7 246 7 255 7 259 7 260 7 279 7 293
 8 10 8 29 8 29 8 39 8 61 8 63 8 66 8 91 8 104 8 109 8 134 8 138 8 147 8 153 8 189 8 190 8 197 8 219 8 221 8 228 8 233 8 244 8 245 8 245 8 247 8 255 8 268 8 275 8 281 8 286 8 290
 9 29 9 45 9 73 9 76 9 83 9 96 9 96 9 108 9 109 9 112 9 115 9 116 9 120 9 129 9 133 9 136 9 141 9 152 9 174 9 181 9 181 9 185 9 210 9 210 9 211 9 230 9 256 9 257 9 279 9 297
 10 3 10 8 10 10 10 16 10 19 10 25 10 29 10 50 10 81 10 97 10 106 10 106 10 108 10 111 10 120 10 127 10 131 10 132 10 148 10 155 10 172 10 172 10 181 10 183 10 199 10 202 10 204 10 223 10 248 10 276 10 285 10 293
 11 13 11 19 11 26 11 31 11 37 11 55 11 56 11 63 11 65 11 68 11 82 11 83 11 109 11 137 11 141 11 174 11 174 11 187 11 193 11 199 11 202 11 205 11 208 11 214 11 238 11 251 11 254 11 271 11 273 11 286 11 292
 12 15 12 22 12 32 12 34 12 34 12 52 12 59 12 73 12 74 12 75 12 76 12 101 12 114 12 143 12 144 12 145 12 146 12 149 12 187 12 201 12 207 12 208 12 221 12 236 12 246 12 248 12 249 12 266 12 267 12 293 12 297
 13 0 13 3 13 6 13 15 13 16 13 21 13 23 13 25 13 25 13 28 13 28 13 32 13 32 13 46 13 63 13 66 13 66 13 81 13 95 13 98 13 118 13 125 13 153 13 160 13 181 13 202 13 206 13 213 13 226 13 245 13 248 13 271 13 273 13 293
 14 10 14 13 14 17 14 21 14 24 14 31 14 37 14 39 14 57 14 58 14 69 14 89 14 120 14 132 14 157 14 158 14 163 14 164 14 178 14 200 14 205 14 208 14 218 14 238 14 245 14 251 14 253 14 255 14 261 14 274 14 276 14 280
 15 15 15 20 15 22
 16 15
 17 16 17 25 17 27
 19 15
 20 25
 21 29
 22 20 22 21 22 29
 23 15 23 23
 24 24 24 27
 25 19 25 25
 26 26
 27 15 27 20 27 24 27 28
 28 25
 29 24 29 27
 30 19 30 23
 31 19
 33 18
 34 17 34 24
 38 15
 40 25 40 28
 42 26 42 28
 43 18 43 18
 45 20 45 23
 48 27
 49 17 49 24 49 25 49 28
 50 20
 52 21
 53 23
 54 16 54 19
 56 25 56 29
 57 19 57 23 57 26
 58 26
 59 20 59 24 59 25 59 27
 61 19 61 22
 62 15
 63 16 63 17 63 21 63 23 63 28
 64 19
 65 26 65 29
 66 23 66 25
 67 20 67 26
 68 23 68 28
 69 25
 70 18
 71 16
 72 15 72 22 72 24 72 29
 74 18
 75 20
 76 16
 77 15 77 18 77 18
 78 25 78 27 78 28
 79 18
 80 15 80 16
 83 21
 84 19 84 27
 85 20 85 28
 86 20 86 21 86 26 86 28
 87 22 87 26 87 26 87 27
 88 18
 90 21
 92 29
 94 17 94 24
 95 19 95 22 95 22 95 26
 96 25
 97 20
 98 19 98 23 98 23
 100 16
 101 15 101 22 101 25
 102 17 102 29
 103 21
 105 16 105 19 105 24
 106 20 106 21 106 21
 107 19 107 20 107 21 107 26
 108 25
 109 16
 110 17
 111 28
 112 15 112 22
 115 16
 116 25
 118 17 118 27
 120 18 120 23 120 25
 121 17
 123 26
 124 15
 125 27
 126 26 126 29
 128 20 128 22 128 26
 129 22
 130 22
 131 20 131 24 131 28
 134 27 134 28
 136 18
 137 17 137 28 137 28 137 29
 138 26 138 29
 139 24
 140 20 140 28
 141 18 141 19 141 21 141 29
 142 17 142 21
 143 29
 144 18
 145 18 145 20 145 23
 146 20 146 22
 147 25
 148 27
 149 17 149 23 149 24
 150 19 150 26
 151 17
 152 28
 153 19 153 28
 154 23
 156 22 156 28
 157 17
 159 21 159 22 159 23
 160 22 160 25 160 28
 161 29
 162 22 162 23
 164 19 164 23
 165 21 165 27
 166 17 166 21
 168 25
 169 27
 171 27
 173 21
 174 23 174 29
 175 15 175 27
 176 21 176 25
 177 29
 178 15 178 17 178 18
 179 24 179 29
 180 17 180 27 180 29
 181 24 181 25 181 29
 182 23
 183 24
 184 23 184 25
 185 16
 186 15 186 17 186 18 186 29
 187 18 187 20
 188 18
 189 21 189 24
 190 16 190 24
 191 15 191 23 191 24 191 25 191 28
 192 15 192 19 192 23 192 29
 194 19 194 20 194 26 194 27
 195 24
 196 20 196 23
 198 15 198 28
 199 24
 200 18 200 29
 201 26
 202 27
 203 16 203 21
 205 27
 206 28
 208 17
 209 16 209 16
 212 24 212 26
 213 28
 214 17
 216 16 216 16 216 19
 217 27
 218 19 218 26 218 29
 220 16 220 26
 221 22
 222 27
 223 15 223 23 223 24 223 25
 224 18
 225 22 225 29
 226 22
 228 20
 229 23
 230 16 230 19 230 21
 231 15 231 16 231 17
 235 21
 237 16
 240 19
 241 22 241 27 241 29
 243 15 243 18 243 18 243 21 243 25
 245 22
 246 20 246 22
 248 19
 249 16 249 27 249 29
 250 15 250 17 250 28 250 29
 251 16 251 24
 253 17 253 23 253 24
 254 26 254 26
 255 26
 256 17
 258 21 258 28
 260 15
 261 26
 262 20 262 22
 264 15 264 26
 265 15 265 20 265 24
 266 17 266 18
 267 19
 268 15
 269 19 269 22 269 24 269 27
 270 21 270 25
 271 17
 272 22
 273 20 273 21 273 24
 274 22
 275 19 275 21 275 22
 277 18 277 19
 278 15 278 18 278 23 278 25
 279 16 279 22 279 27
 281 16 281 19 281 23
 282 16
 284 16 284 16 284 27 284 28
 285 25
 286 24
 287 20 287 28 287 29
 289 20 289 20
 290 17 290 18 290 26
 292 29
 293 19 293 26
 294 17 294 20
 295 28
 296 18 296 27
 297 18 297 29
 298 15 298 18 298 21
 299 17 299 25 299 26
