10 10
0.01000 0.01000 0.01000 0.91000 0.01000 0.01000 0.01000 0.01000 0.01000 0.01000 
0.01000 0.01000 0.01000 0.01000 0.91000 0.01000 0.01000 0.01000 0.01000 0.01000 
0.01000 0.01000 0.91000 0.01000 0.01000 0.01000 0.01000 0.01000 0.01000 0.01000 
0.10000 0.10000 0.10000 0.10000 0.10000 0.10000 0.10000 0.10000 0.10000 0.10000 
0.13857 0.01000 0.13857 0.01000 0.26714 0.01000 0.13857 0.01000 0.01000 0.26714 
0.01000 0.31000 0.01000 0.01000 0.31000 0.01000 0.31000 0.01000 0.01000 0.01000 
0.01000 0.01000 0.23500 0.46000 0.01000 0.01000 0.01000 0.01000 0.01000 0.23500 
0.01000 0.46000 0.01000 0.01000 0.01000 0.23500 0.23500 0.01000 0.01000 0.01000 
0.01000 0.31000 0.01000 0.01000 0.31000 0.16000 0.16000 0.01000 0.01000 0.01000 
0.01000 0.01000 0.01000 0.61000 0.01000 0.01000 0.01000 0.01000 0.01000 0.31000 
