300
0 1 0 2 0 3 0 4 0 5 0 6 0 7 0 8 0 9 0 10 0 11 0 12 0 13 0 14 0 15 0 16 0 17 0 18 0 19 0 20 0 21 0 22 0 23 0 24 0 25 0 26 0 27 0 28 
1 0 1 2 1 3 1 4 1 5 1 6 1 7 1 8 1 9 1 10 1 11 1 12 1 13 1 14 1 15 1 16 1 17 1 18 1 19 1 20 1 21 1 22 1 23 1 24 1 25 1 26 1 27 1 28 
2 0 2 1 2 3 2 4 2 5 2 6 2 7 2 8 2 9 2 10 2 11 2 12 2 13 2 14 2 15 2 16 2 17 2 18 2 19 2 20 2 21 2 22 2 23 2 24 2 25 2 26 2 27 2 28 
3 0 3 1 3 2 3 4 3 5 3 6 3 7 3 8 3 9 3 10 3 11 3 12 3 13 3 14 3 15 3 16 3 17 3 18 3 19 3 20 3 21 3 22 3 23 3 24 3 25 3 26 3 27 3 28 
4 0 4 1 4 2 4 3 4 5 4 6 4 7 4 8 4 9 4 10 4 11 4 12 4 13 4 14 4 15 4 16 4 17 4 18 4 19 4 20 4 21 4 22 4 23 4 24 4 25 4 26 4 27 4 28 
5 0 5 1 5 2 5 3 5 4 5 6 5 7 5 8 5 9 5 10 5 11 5 12 5 13 5 14 5 15 5 16 5 17 5 18 5 19 5 20 5 21 5 22 5 23 5 24 5 25 5 26 5 27 5 28 
6 0 6 1 6 2 6 3 6 4 6 5 6 7 6 8 6 9 6 10 6 11 6 12 6 13 6 14 6 15 6 16 6 17 6 18 6 19 6 20 6 21 6 22 6 23 6 24 6 25 6 26 6 27 6 28 
7 0 7 1 7 2 7 3 7 4 7 5 7 6 7 8 7 9 7 10 7 11 7 12 7 13 7 14 7 15 7 16 7 17 7 18 7 19 7 20 7 21 7 22 7 23 7 24 7 25 7 26 7 27 7 28 
8 0 8 1 8 2 8 3 8 4 8 5 8 6 8 7 8 9 8 10 8 11 8 12 8 13 8 14 8 15 8 16 8 17 8 18 8 19 8 20 8 21 8 22 8 23 8 24 8 25 8 26 8 27 8 28 
9 0 9 1 9 2 9 3 9 4 9 5 9 6 9 7 9 8 9 10 9 11 9 12 9 13 9 14 9 15 9 16 9 17 9 18 9 19 9 20 9 21 9 22 9 23 9 24 9 25 9 26 9 27 9 28 
10 0 10 1 10 2 10 3 10 4 10 5 10 6 10 7 10 8 10 9 10 11 10 12 10 13 10 14 10 15 10 16 10 17 10 18 10 19 10 20 10 21 10 22 10 23 10 24 10 25 10 26 10 27 10 28 
11 0 11 1 11 2 11 3 11 4 11 5 11 6 11 7 11 8 11 9 11 10 11 12 11 13 11 14 11 15 11 16 11 17 11 18 11 19 11 20 11 21 11 22 11 23 11 24 11 25 11 26 11 27 11 28 
12 0 12 1 12 2 12 3 12 4 12 5 12 6 12 7 12 8 12 9 12 10 12 11 12 13 12 14 12 15 12 16 12 17 12 18 12 19 12 20 12 21 12 22 12 23 12 24 12 25 12 26 12 27 12 28 
13 0 13 1 13 2 13 3 13 4 13 5 13 6 13 7 13 8 13 9 13 10 13 11 13 12 13 14 13 15 13 16 13 17 13 18 13 19 13 20 13 21 13 22 13 23 13 24 13 25 13 26 13 27 13 28 
14 0 14 1 14 2 14 3 14 4 14 5 14 6 14 7 14 8 14 9 14 10 14 11 14 12 14 13 14 15 14 16 14 17 14 18 14 19 14 20 14 21 14 22 14 23 14 24 14 25 14 26 14 27 14 28 
15 0 15 1 15 6 15 8 15 9 15 10 15 18 15 19 15 21 15 25 15 26 
16 1 16 5 16 6 16 7 16 8 16 9 16 10 16 20 16 21 16 27 
17 0 17 1 17 2 17 3 17 4 17 9 17 10 17 11 17 13 17 14 17 15 17 18 17 19 17 23 
18 1 18 6 18 7 18 9 18 11 18 12 18 19 18 20 18 21 18 22 18 24 18 26 18 27 18 28 
19 0 19 2 19 5 19 10 19 12 19 14 19 16 19 20 19 26 
20 2 20 3 20 6 20 9 20 10 20 12 20 13 20 14 20 17 20 21 20 23 20 26 20 28 
21 2 21 3 21 8 21 9 21 10 21 11 21 12 21 15 21 16 21 17 21 19 21 24 21 28 
22 0 22 2 22 5 22 9 22 10 22 11 22 12 22 13 22 14 22 15 22 23 22 26 
23 0 23 4 23 8 23 9 23 10 23 13 23 17 23 19 23 20 23 22 23 24 23 28 
24 16 24 17 24 18 24 19 24 22 24 23 24 26 24 28 
25 4 25 7 25 9 25 11 25 12 25 15 25 16 25 17 25 19 25 24 25 26 25 27 
26 3 26 7 26 8 26 9 26 10 26 12 26 16 26 19 26 20 26 24 
27 0 27 1 27 3 27 4 27 5 27 7 27 10 27 12 27 14 27 17 27 19 27 21 27 24 27 25 27 26 27 28 
28 0 28 1 28 5 28 10 28 13 28 14 28 15 28 17 28 21 28 26 
29 1 29 3 29 4 29 6 29 14 29 15 29 16 29 21 29 25 29 26 
30 2 30 4 30 5 30 7 30 10 30 11 30 21 30 22 30 23 30 25 30 28 
31 0 31 5 31 9 31 11 31 15 31 18 31 22 31 23 31 24 31 25 31 27 31 28 
32 0 32 4 32 7 32 8 32 11 32 12 32 14 32 15 32 17 32 18 32 20 32 21 32 22 32 28 
33 1 33 2 33 3 33 4 33 5 33 6 33 14 33 18 33 23 33 25 33 26 
34 2 34 3 34 4 34 7 34 8 34 9 34 13 34 14 34 15 34 18 34 25 34 26 
35 0 35 1 35 2 35 6 35 10 35 11 35 12 35 15 35 16 35 17 35 18 35 22 35 26 35 27 
36 0 36 1 36 4 36 5 36 7 36 9 36 12 36 15 36 16 36 17 36 19 36 21 36 23 
37 0 37 3 37 13 37 23 37 24 37 26 37 28 
38 4 38 7 38 10 38 11 38 13 38 17 38 18 38 19 38 24 38 25 38 26 
39 0 39 1 39 2 39 4 39 5 39 6 39 8 39 14 39 17 39 18 39 23 39 26 
40 2 40 7 40 10 40 12 40 14 40 17 40 18 40 19 40 21 40 23 40 24 
41 4 41 7 41 8 41 10 41 11 41 13 41 14 41 16 41 22 
42 0 42 4 42 7 42 10 42 12 42 23 42 28 
43 1 43 2 43 3 43 4 43 8 43 10 43 11 43 12 43 13 43 14 43 17 43 18 43 19 43 25 43 27 
44 2 44 4 44 5 44 6 44 8 44 11 44 12 44 13 44 17 44 20 44 25 44 28 
45 0 45 2 45 6 45 7 45 9 45 12 45 13 45 14 45 15 45 17 45 18 45 20 45 22 45 26 45 27 
46 2 46 6 46 7 46 9 46 10 46 12 46 14 46 16 46 17 46 18 46 19 46 23 46 24 46 25 46 26 46 27 
47 0 47 1 47 2 47 3 47 5 47 6 47 7 47 9 47 13 47 15 47 16 47 18 47 19 47 20 47 22 47 25 47 26 
48 0 48 2 48 3 48 7 48 11 48 14 48 17 48 18 48 20 48 21 48 25 48 28 
49 4 49 5 49 6 49 8 49 10 49 14 49 15 49 16 49 17 49 18 49 23 49 27 49 28 
50 6 50 7 50 8 50 9 50 10 50 13 50 15 50 16 50 17 50 18 50 20 50 25 50 28 
51 4 51 8 51 10 51 12 51 13 51 17 51 19 51 20 51 25 51 26 
52 3 52 6 52 7 52 9 52 10 52 12 52 21 52 27 
53 6 53 7 53 8 53 10 53 15 53 19 53 22 53 24 53 26 
54 1 54 4 54 5 54 6 54 8 54 9 54 12 54 13 54 15 54 17 54 18 54 21 54 23 54 26 54 27 
55 0 55 3 55 5 55 8 55 10 55 11 55 12 55 19 55 20 55 22 55 23 55 26 55 27 55 28 
56 0 56 1 56 2 56 3 56 5 56 6 56 7 56 8 56 9 56 12 56 19 56 20 56 21 56 26 56 28 
57 1 57 2 57 8 57 12 57 14 57 15 57 16 57 17 57 18 57 19 57 22 57 24 57 27 
58 0 58 5 58 11 58 16 58 21 58 22 58 24 58 25 58 28 
59 3 59 4 59 5 59 6 59 8 59 9 59 10 59 11 59 12 59 14 59 16 59 22 59 24 59 26 59 27 
60 0 60 4 60 5 60 9 60 10 60 11 60 12 60 13 60 15 60 17 60 21 60 24 
61 4 61 14 61 16 61 18 61 20 61 21 61 22 61 23 61 26 61 28 
62 3 62 5 62 7 62 9 62 10 62 12 62 13 62 14 62 15 62 17 62 21 62 24 62 27 62 28 
63 2 63 6 63 7 63 9 63 12 63 14 63 19 63 20 63 21 63 22 63 23 63 24 63 26 63 28 
64 3 64 5 64 6 64 7 64 18 64 19 64 22 64 24 64 25 64 26 64 27 64 28 
65 0 65 1 65 4 65 9 65 11 65 15 65 16 65 17 65 22 65 23 
66 0 66 4 66 8 66 9 66 10 66 12 66 15 66 16 66 17 66 18 66 19 66 23 66 26 66 28 
67 0 67 2 67 3 67 5 67 12 67 15 67 16 67 17 67 21 67 23 67 26 67 27 
68 1 68 2 68 3 68 4 68 7 68 10 68 11 68 21 68 24 68 26 
69 3 69 9 69 10 69 11 69 16 69 20 69 22 69 23 69 25 
70 0 70 1 70 2 70 4 70 5 70 9 70 11 70 12 70 14 70 17 70 19 70 22 
71 1 71 5 71 6 71 10 71 16 71 17 71 18 71 19 71 21 71 26 
72 1 72 2 72 4 72 5 72 6 72 7 72 10 72 16 72 22 72 25 72 27 
73 0 73 2 73 3 73 5 73 6 73 7 73 9 73 10 73 14 73 15 73 17 73 18 73 19 73 22 73 23 73 24 73 25 73 26 73 27 
74 0 74 1 74 2 74 3 74 4 74 5 74 6 74 9 74 10 74 12 74 13 74 16 74 17 74 18 74 22 74 23 74 25 74 26 
75 0 75 3 75 5 75 6 75 7 75 8 75 12 75 13 75 15 75 16 75 17 75 19 75 20 75 28 
76 0 76 4 76 9 76 11 76 19 76 20 76 23 76 24 76 25 76 28 
77 3 77 4 77 5 77 6 77 8 77 9 77 11 77 16 77 17 77 18 77 22 77 23 77 27 
78 0 78 1 78 2 78 7 78 9 78 11 78 12 78 13 78 14 78 16 78 17 78 21 78 22 78 23 78 24 78 26 78 28 
79 2 79 3 79 4 79 5 79 9 79 10 79 11 79 12 79 14 79 19 79 20 79 21 79 23 79 24 79 25 79 27 79 28 
80 1 80 2 80 3 80 6 80 7 80 11 80 14 80 15 80 18 80 24 80 25 80 27 
81 0 81 3 81 7 81 10 81 11 81 12 81 21 81 23 81 28 
82 2 82 3 82 4 82 6 82 7 82 10 82 11 82 15 82 16 82 17 82 18 82 19 82 22 82 26 82 27 
83 2 83 4 83 6 83 12 83 16 83 17 83 21 83 22 83 24 
84 0 84 3 84 5 84 6 84 9 84 13 84 14 84 16 84 20 84 21 84 22 84 28 
85 4 85 6 85 8 85 9 85 10 85 12 85 13 85 14 85 15 85 17 85 18 85 19 85 21 85 22 85 23 85 25 
86 0 86 6 86 7 86 10 86 11 86 18 86 19 86 20 86 21 86 24 86 27 
87 0 87 2 87 3 87 4 87 5 87 8 87 10 87 11 87 12 87 15 87 20 87 21 87 23 87 26 87 27 
88 8 88 9 88 10 88 13 88 18 88 22 88 24 88 27 
89 2 89 7 89 9 89 10 89 11 89 12 89 17 89 18 89 20 89 23 89 26 89 28 
90 0 90 2 90 5 90 6 90 8 90 11 90 13 90 14 90 17 90 19 90 24 90 25 
91 0 91 3 91 6 91 8 91 9 91 10 91 12 91 15 91 16 91 21 
92 1 92 3 92 8 92 12 92 15 92 18 92 19 92 20 92 21 92 22 92 23 92 24 92 28 
93 0 93 1 93 2 93 6 93 8 93 10 93 15 93 19 93 21 93 22 93 24 93 25 93 26 93 27 93 28 
94 5 94 6 94 10 94 15 94 17 94 19 94 22 94 23 94 24 94 26 
95 0 95 1 95 4 95 6 95 9 95 15 95 17 95 18 95 19 95 20 95 22 95 24 95 25 
96 0 96 1 96 2 96 3 96 10 96 12 96 16 96 19 96 24 96 25 96 26 
97 0 97 3 97 6 97 7 97 8 97 11 97 13 97 16 97 17 97 21 97 24 97 25 97 27 
98 3 98 6 98 8 98 9 98 10 98 11 98 12 98 13 98 16 98 20 98 21 98 22 98 26 98 28 
99 2 99 3 99 4 99 6 99 7 99 12 99 15 99 16 99 17 99 19 99 20 99 21 99 26 
100 0 100 3 100 7 100 13 100 15 100 18 100 23 100 26 100 27 
101 2 101 4 101 7 101 9 101 13 101 18 101 21 101 26 
102 4 102 7 102 8 102 11 102 12 102 14 102 15 102 18 102 23 102 25 102 26 102 27 
103 3 103 6 103 7 103 8 103 12 103 15 103 19 103 22 
104 0 104 3 104 9 104 11 104 17 104 20 104 21 104 23 104 27 
105 1 105 4 105 5 105 6 105 13 105 15 105 16 105 19 105 24 105 25 105 26 105 27 
106 9 106 10 106 11 106 14 106 16 106 18 106 22 106 23 106 25 106 26 106 28 
107 0 107 2 107 5 107 6 107 12 107 14 107 18 107 19 107 22 107 23 
108 0 108 12 108 14 108 15 108 19 108 22 108 27 
109 1 109 2 109 5 109 6 109 7 109 8 109 10 109 12 109 13 109 15 109 16 109 17 109 22 109 23 109 24 109 25 
110 0 110 6 110 15 110 17 110 18 110 20 110 21 110 24 110 27 
111 4 111 6 111 7 111 9 111 11 111 16 111 20 111 21 111 22 111 23 111 24 111 26 
112 5 112 7 112 9 112 13 112 19 112 21 112 25 
113 0 113 3 113 5 113 8 113 9 113 12 113 18 113 26 113 28 
114 2 114 3 114 4 114 5 114 7 114 8 114 12 114 15 114 18 114 19 114 20 114 22 114 23 114 26 
115 0 115 3 115 4 115 6 115 8 115 9 115 10 115 15 115 16 115 17 115 19 115 23 115 27 115 28 
116 0 116 1 116 3 116 8 116 9 116 12 116 15 116 18 116 20 
117 5 117 6 117 8 117 9 117 11 117 12 117 14 117 15 117 17 117 19 117 22 117 25 117 26 
118 0 118 1 118 4 118 6 118 8 118 10 118 11 118 15 118 17 118 18 118 20 118 21 118 23 118 27 
119 0 119 1 119 3 119 4 119 6 119 7 119 8 119 10 119 11 119 14 119 15 119 17 119 19 119 20 119 23 
120 1 120 2 120 4 120 5 120 7 120 11 120 12 120 15 120 17 120 18 120 19 120 20 120 21 120 24 
121 0 121 4 121 5 121 6 121 8 121 16 121 17 121 20 121 21 121 22 121 23 121 26 121 27 121 28 
122 2 122 8 122 12 122 15 122 16 122 17 122 18 122 22 122 27 122 28 
123 0 123 3 123 4 123 14 123 21 123 26 123 28 
124 1 124 2 124 3 124 6 124 7 124 10 124 15 124 25 124 27 
125 4 125 5 125 7 125 9 125 11 125 19 125 23 125 26 125 27 
126 5 126 9 126 10 126 12 126 13 126 15 126 16 126 18 126 19 126 24 126 25 
127 0 127 5 127 7 127 12 127 18 127 22 127 23 
128 1 128 3 128 4 128 6 128 8 128 12 128 14 128 17 128 23 128 25 128 27 128 28 
129 4 129 5 129 8 129 10 129 11 129 14 129 16 129 20 129 24 129 26 129 28 
130 3 130 4 130 8 130 10 130 11 130 13 130 14 130 17 130 23 130 25 130 28 
131 2 131 4 131 7 131 11 131 15 131 17 131 19 131 21 131 22 131 25 131 26 131 28 
132 0 132 6 132 7 132 8 132 11 132 12 132 14 132 16 132 28 
133 3 133 5 133 6 133 9 133 12 133 13 133 14 133 15 133 19 133 21 133 22 133 23 133 24 133 25 
134 0 134 5 134 6 134 10 134 11 134 15 134 17 134 25 
135 2 135 3 135 4 135 5 135 6 135 7 135 10 135 13 135 18 135 20 135 25 
136 5 136 7 136 11 136 12 136 13 136 14 136 16 136 19 136 21 136 22 136 24 136 25 136 27 136 28 
137 4 137 5 137 6 137 12 137 13 137 14 137 16 137 21 137 24 137 25 
138 0 138 3 138 5 138 6 138 8 138 11 138 15 138 17 138 23 138 25 
139 0 139 1 139 2 139 6 139 10 139 13 139 16 139 19 139 20 139 21 139 23 139 25 
140 1 140 4 140 7 140 9 140 11 140 14 140 16 140 17 140 20 140 21 140 23 140 27 140 28 
141 0 141 2 141 3 141 5 141 7 141 8 141 14 141 15 141 16 141 17 141 19 141 22 141 24 
142 0 142 1 142 3 142 11 142 15 142 16 142 19 142 25 142 26 142 27 
143 0 143 2 143 4 143 7 143 9 143 13 143 18 143 19 143 24 143 25 143 28 
144 0 144 1 144 3 144 5 144 6 144 8 144 9 144 10 144 11 144 13 144 17 144 21 144 22 144 24 144 25 144 27 
145 0 145 2 145 7 145 8 145 9 145 12 145 14 145 18 145 19 145 20 145 23 145 25 145 26 145 28 
146 1 146 2 146 4 146 8 146 9 146 10 146 11 146 13 146 18 146 20 146 22 146 23 146 25 146 27 
147 0 147 1 147 8 147 10 147 11 147 14 147 19 147 21 147 22 147 23 147 24 147 27 147 28 
148 1 148 4 148 5 148 8 148 10 148 11 148 13 148 16 148 17 148 21 148 26 148 28 
149 1 149 5 149 7 149 9 149 13 149 14 149 15 149 18 149 21 149 25 149 28 
150 0 150 3 150 4 150 9 150 15 150 18 150 22 150 26 150 27 
151 1 151 2 151 7 151 10 151 12 151 14 151 15 151 16 151 26 
152 1 152 4 152 5 152 7 152 9 152 14 152 15 152 19 152 20 152 22 152 23 152 28 
153 2 153 3 153 4 153 10 153 11 153 12 153 14 153 16 153 21 153 23 153 24 153 25 
154 0 154 5 154 7 154 8 154 13 154 14 154 15 154 17 154 18 154 19 154 20 154 22 154 23 154 24 
155 1 155 2 155 3 155 6 155 7 155 18 155 19 155 21 155 24 155 26 
156 2 156 5 156 7 156 8 156 12 156 13 156 18 156 20 156 23 156 25 156 26 
157 2 157 3 157 4 157 5 157 6 157 7 157 10 157 13 157 15 157 20 157 21 157 22 157 26 157 28 
158 0 158 1 158 2 158 3 158 4 158 6 158 10 158 11 158 12 158 13 158 16 158 18 158 20 158 23 158 28 
159 1 159 3 159 5 159 7 159 9 159 10 159 13 159 14 159 18 159 21 159 24 159 27 159 28 
160 4 160 5 160 16 160 17 160 18 160 20 160 22 160 23 160 24 160 27 160 28 
161 1 161 2 161 3 161 5 161 6 161 7 161 8 161 9 161 10 161 15 161 17 161 18 161 22 161 24 161 25 
162 2 162 3 162 4 162 5 162 7 162 8 162 10 162 14 162 19 162 21 162 25 
163 0 163 1 163 2 163 3 163 5 163 6 163 8 163 10 163 14 163 15 163 18 163 19 163 20 163 21 163 24 163 27 
164 1 164 4 164 5 164 12 164 14 164 15 164 16 164 19 164 20 164 22 164 23 164 24 164 26 164 27 
165 2 165 9 165 11 165 12 165 15 165 16 165 17 165 19 165 21 165 23 165 24 165 25 165 27 165 28 
166 1 166 2 166 3 166 5 166 6 166 11 166 15 166 18 166 19 166 23 166 24 166 26 166 28 
167 0 167 4 167 6 167 9 167 12 167 14 167 17 167 18 167 20 167 21 167 22 
168 1 168 2 168 3 168 6 168 8 168 10 168 15 168 16 168 17 168 20 168 21 168 22 168 25 168 26 168 28 
169 1 169 4 169 5 169 8 169 10 169 12 169 19 169 21 169 27 
170 0 170 1 170 2 170 3 170 4 170 6 170 7 170 9 170 10 170 11 170 12 170 13 170 19 170 24 170 25 170 28 
171 0 171 2 171 6 171 9 171 14 171 19 171 20 171 22 171 23 171 24 171 26 
172 1 172 2 172 3 172 4 172 6 172 7 172 8 172 13 172 16 172 17 172 19 172 21 172 24 172 25 
173 2 173 5 173 9 173 12 173 16 173 18 173 19 173 20 173 23 
174 5 174 9 174 12 174 15 174 18 174 19 174 22 174 27 
175 3 175 4 175 5 175 6 175 10 175 11 175 13 175 19 175 23 175 24 
176 0 176 1 176 4 176 5 176 13 176 14 176 15 176 16 176 17 176 20 176 22 176 25 176 26 
177 0 177 2 177 3 177 4 177 8 177 9 177 12 177 13 177 15 177 19 177 21 177 26 177 28 
178 0 178 5 178 6 178 7 178 8 178 11 178 14 178 15 178 17 178 21 178 22 178 24 178 25 178 26 
179 3 179 4 179 10 179 13 179 14 179 17 179 18 179 20 179 21 179 22 179 25 179 26 179 28 
180 1 180 2 180 5 180 7 180 8 180 11 180 14 180 20 180 21 180 22 180 23 180 26 
181 0 181 3 181 13 181 16 181 23 181 28 
182 2 182 4 182 6 182 7 182 8 182 9 182 10 182 11 182 13 182 14 182 20 182 21 182 23 182 24 182 26 182 27 182 28 
183 0 183 3 183 4 183 10 183 13 183 16 183 17 183 20 183 21 183 22 183 23 183 24 183 26 183 28 
184 0 184 1 184 5 184 6 184 7 184 10 184 14 184 16 184 17 184 21 184 23 184 28 
185 1 185 3 185 4 185 6 185 9 185 10 185 11 185 15 185 18 185 19 185 22 185 23 185 24 185 27 
186 5 186 9 186 14 186 15 186 16 186 19 186 20 186 22 186 27 186 28 
187 0 187 1 187 2 187 3 187 4 187 5 187 8 187 13 187 14 187 19 187 20 187 28 
188 7 188 8 188 9 188 10 188 15 188 17 188 19 188 22 188 28 
189 1 189 3 189 8 189 9 189 10 189 12 189 14 189 15 189 16 189 17 189 19 189 20 189 21 189 22 189 24 189 26 189 28 
190 0 190 1 190 4 190 9 190 10 190 13 190 17 190 19 190 28 
191 5 191 8 191 9 191 10 191 12 191 14 191 15 191 17 191 18 191 20 191 22 191 23 191 27 
192 1 192 2 192 3 192 9 192 20 192 21 192 23 192 25 192 26 192 27 192 28 
193 4 193 5 193 8 193 11 193 13 193 19 193 20 193 22 193 26 193 27 
194 0 194 13 194 16 194 17 194 21 194 24 194 25 
195 0 195 5 195 6 195 7 195 15 195 16 195 18 195 19 195 23 195 24 195 26 195 27 
196 0 196 2 196 6 196 8 196 10 196 13 196 14 196 17 196 20 196 22 196 24 196 27 
197 1 197 5 197 6 197 9 197 10 197 12 197 13 197 14 197 18 197 19 197 23 197 26 197 27 
198 1 198 3 198 8 198 13 198 15 198 17 198 26 
199 0 199 4 199 6 199 9 199 13 199 14 199 15 199 16 199 18 199 27 199 28 
200 4 200 7 200 10 200 11 200 13 200 14 200 17 200 18 200 21 200 22 200 23 200 24 200 28 
201 0 201 1 201 4 201 6 201 9 201 10 201 11 201 12 201 13 201 14 201 17 201 20 201 24 201 26 201 28 
202 4 202 9 202 13 202 17 202 20 202 26 202 27 
203 5 203 6 203 7 203 12 203 13 203 14 203 15 203 17 203 18 203 19 203 21 203 22 203 25 203 27 
204 0 204 1 204 3 204 4 204 7 204 8 204 9 204 12 204 15 204 16 204 20 204 26 204 27 204 28 
205 0 205 2 205 4 205 6 205 7 205 11 205 12 205 13 205 18 205 20 205 21 205 22 205 24 205 25 205 27 
206 0 206 2 206 8 206 9 206 10 206 11 206 13 206 20 206 21 206 24 206 25 206 26 
207 2 207 3 207 12 207 14 207 15 207 17 207 19 207 21 207 24 207 26 207 27 207 28 
208 0 208 1 208 3 208 7 208 8 208 9 208 10 208 12 208 14 208 15 208 18 208 21 208 22 208 24 
209 1 209 3 209 6 209 12 209 14 209 15 209 16 209 18 209 19 209 23 209 24 
210 1 210 2 210 4 210 5 210 9 210 10 210 17 210 22 210 23 210 25 210 27 210 28 
211 3 211 6 211 8 211 11 211 16 211 18 211 21 211 23 211 24 211 28 
212 1 212 4 212 9 212 12 212 14 212 20 212 21 212 22 212 25 212 28 
213 0 213 1 213 2 213 5 213 7 213 8 213 10 213 11 213 13 213 16 213 18 213 22 213 23 213 24 213 25 
214 0 214 5 214 6 214 7 214 13 214 19 214 22 214 23 214 25 
215 0 215 4 215 6 215 9 215 10 215 11 215 14 215 15 215 16 215 18 215 19 215 21 215 22 215 27 215 28 
216 0 216 1 216 3 216 6 216 7 216 10 216 12 216 13 216 16 216 17 216 19 216 25 
217 3 217 9 217 11 217 13 217 15 217 16 217 17 217 19 217 21 217 22 217 23 217 24 217 25 217 26 217 27 
218 2 218 3 218 5 218 6 218 12 218 15 218 17 218 19 218 20 218 25 218 27 218 28 
219 0 219 2 219 3 219 5 219 6 219 7 219 8 219 12 219 14 219 15 219 17 219 21 219 22 219 23 219 26 219 27 219 28 
220 1 220 2 220 6 220 9 220 10 220 12 220 13 220 18 220 21 220 22 220 24 220 25 220 26 220 28 
221 0 221 1 221 2 221 3 221 4 221 5 221 7 221 12 221 13 221 14 221 26 221 27 
222 2 222 5 222 8 222 13 222 19 222 20 
223 1 223 2 223 5 223 7 223 10 223 13 223 16 223 18 223 19 223 22 223 28 
224 3 224 7 224 8 224 9 224 10 224 13 224 14 224 20 224 24 224 26 224 28 
225 3 
226 23 
227 9 
228 7 
229 27 
230 6 
231 1 
232 4 
233 14 
234 5 
235 13 
236 0 
237 0 
238 0 
239 4 
240 25 
241 14 
242 6 
243 3 
244 26 
245 13 
246 10 
247 14 
248 13 
249 14 
250 9 
251 1 
252 25 
253 25 
254 15 
255 0 
256 8 
257 21 
258 8 
259 1 
260 0 
261 15 
262 8 
263 17 
264 5 
265 4 
266 9 
267 8 
268 21 
269 10 
270 7 
271 21 
272 25 
273 2 
274 5 
275 17 
276 15 
277 2 
278 23 
279 22 
280 22 
281 0 
282 2 
283 14 
284 8 
285 25 
286 5 
287 27 
288 17 
289 0 
290 17 
291 4 
292 13 
293 9 
294 17 
295 4 
296 22 
297 15 
298 9 
299 18 
