300
  13 258  
  298 277    59 54    96 12    35 288    80 185  
  11 76    188 9    160 5    271 251    35 66  
  174 144    112 235    196 116    207 122    275 55  
  83 135    224 226    116 96    217 122    125 99  
  113 62    243 110    280 198    65 244    233 225  
  48 277    243 53    143 41    260 87    237 223  
  273 16    239 17    219 142    98 215    6 31  
  233 156    273 224    104 258    73 125    49 10  
  123 49    276 240    209 228    210 61    245 124  
  38 211    219 236    265 59    116 194    216 171  
  152 149    0 18    44 227    58 187    120 152  
  237 94    29 286    161 158    195 250    86 22  
  99 281    210 247    68 148    164 2    256 154  
  10 220    9 267    178 202    262 134    113 263  
  208 289    37 93    203 269    117 59    126 121  
  103 294    206 256    97 288    80 247    153 162  
  289 137    248 142    132 193    242 7    254 238  
  181 153    6 11    28 174    260 6    159 251  
  236 143    248 269    294 50    16 96    8 33  
  296 250    216 193    255 141    146 280    190 278  
  46 171    215 265    277 94    39 194    202 185  
  171 299    173 228    58 64    122 219    93 81  
  199 271    284 230    5 116    173 229    290 175  
  155 170    53 105    18 243    289 183    149 4  
  291 74    241 113    111 282    224 239    288 151  
  42 65    9 139    102 191    192 111    160 98  
  181 38    256 224    126 104    246 175    295 269  
  167 45    81 76    5 10    1 131    264 245  
  214 133    222 230    47 179    49 9    164 282  
  75 20    145 282    103 95    134 271    147 257  
  230 256    9 88    170 44    240 50    128 150  
  207 198    109 282    93 38    173 247    46 87  
  283 68    134 228    241 6    0 216    270 123  
  153 297    118 228    171 274    71 266    188 141  
  290 96    184 24    6 90    56 79    157 37  
  33 25    172 62    13 184    278 126    57 46  
  256 188    92 103    220 158    232 78    60 242  
  99 264    139 3    237 16    75 105    1 144  
  182 155    118 177    206 25    124 41    235 294  
  24 242    189 262    165 52    0 173    285 289  
  33 19    252 257    10 169    31 44    117 291  
  198 168    181 256    204 112    115 22    0 59  
  273 55    13 96    173 296    226 174    281 58  
  93 111    238 167    71 53    295 150    46 52  
  272 179    213 177    116 45    240 45    289 264  
  260 83    107 39    90 171    180 291    205 238  
  167 15    1 119    130 260    208 192    147 256  
  205 111    172 230    44 126    3 125    221 161  
  197 73    27 135    57 121    177 55    218 67  
  117 172    266 2    177 253    191 258    200 147  
  165 13    37 122    193 208    246 238    120 264  
  124 191    199 99    175 160    224 174    146 133  
  71 60    146 228    211 150    48 258    168 243  
  85 84    217 152    189 208    218 96    216 3  
  74 226    205 8    291 260    35 75    175 172  
  287 209    38 214    153 123    42 244    68 62  
  136 37    157 181    108 134    158 70    89 196  
  88 32    138 156    211 163    273 224    132 174  
  271 226    86 38    101 168    288 79    85 118  
  134 244    285 102    171 20    9 41    20 24  
  12 146    203 41    94 8    123 234    157 293  
  0 67    251 104    187 284    42 99    273 157  
  255 298    189 5    5 95    299 199    61 63  
  198 5    25 131    222 70    266 177    93 17  
  159 101    33 284    99 15    236 273    86 131  
  194 78    121 192    295 20    169 287    21 24  
  115 147    257 197    250 123    56 119    32 80  
  280 5    162 69    78 123    180 158    179 114  
  2 124    61 108    233 58    284 241    173 153  
  21 57    4 282    45 41    260 2    117 12  
  155 229    270 280    81 42    142 49    281 252  
  234 164    173 145    85 51    106 66    238 33  
  40 80    92 158    63 18    65 187    51 117  
  101 168    229 280    207 75    217 267    207 231  
  12 196    270 33    275 3    123 202    59 15  
  177 129    25 152    251 4    126 147    272 87  
  203 16    126 37    18 93    128 201    112 41  
  5 177    56 179    169 297    74 45    64 194  
  42 8    202 41    216 263    105 91    75 276  
  34 0    90 83    271 46    170 239    62 168  
  48 42    103 247    252 209    108 224    266 1  
  18 31    81 168    258 81    165 272    297 210  
  271 147    228 22    48 100    220 266    238 214  
  269 161    191 24    35 254    208 169    170 286  
  83 57    187 67    158 204    288 168    223 7  
  273 202    217 82    262 265    96 13    289 245  
  185 172    232 172    278 273    228 237    33 264  
  225 134    176 159    238 291    36 80    205 296  
  51 80    284 285    249 82    71 228    135 209  
  66 204    232 207    148 21    152 167    185 165  
  154 217    41 50    94 278    198 137    212 7  
  220 251    21 68    250 42    175 282    140 161  
  253 164    51 154    33 287    68 64    294 89  
  108 145    131 110    179 152    9 182    169 180  
  193 26    294 227    241 153    222 10    92 27  
  292 238    282 27    8 135    282 229    104 269  
  81 163    28 225    12 164    227 270    129 152  
  190 101    75 260    259 270    90 253    130 100  
  59 149    56 169    14 272    241 112    119 197  
  130 148    75 282    89 106    174 58    20 22  
  5 70    180 139    86 215    246 85    150 123  
  29 249    176 271    263 32    72 284    219 96  
  54 283    40 292    132 256    259 123    52 142  
  42 81    143 118    89 122    155 129    3 128  
  99 199    91 108    80 146    106 136    145 172  
  240 220    189 182    218 163    106 275    222 213  
  222 245    282 219    189 98    60 271    277 146  
  95 195    82 209    200 21    106 197    72 49  
  117 255    21 199    155 259    49 255    127 205  
  110 95    164 254    136 201    80 108    65 238  
  252 31    110 154    206 162    28 185    6 126  
  270 219    256 137    63 142    64 70    160 42  
  284 76    151 230    171 66    299 56    231 244  
  236 169    185 192    251 125    117 188    219 47  
  13 123    147 98    22 42    232 187    69 154  
  228 250    85 147    125 144    190 261    140 51  
  4 136    258 109    19 208    145 285    9 28  
  13 160    212 118    262 91    297 201    117 244  
  80 236    262 59    280 40    114 3    214 237  
  193 77    131 213    153 273    89 286    227 136  
  154 151    72 211    61 171    77 102    103 94  
  236 295    25 156    150 270    296 155    65 219  
  106 246    183 168    260 109    286 177    238 109  
  255 213    38 228    210 125    181 284    135 17  
  112 58    23 37    255 14    226 230    73 284  
  61 41    67 173    66 23    255 226    283 113  
  245 31    292 276    141 216    233 229    88 99  
  147 151    34 61    276 179    177 2    206 21  
  159 72    21 143    238 148    289 280    0 205  
  82 168    103 173    140 125    187 74    267 109  
  123 94    151 83    171 268    213 8    44 104  
  214 57    10 281    78 23    42 285    65 230  
  103 93    270 243    267 68    237 297    160 179  
  299 90    230 183    289 164    297 226    178 22  
  83 103    109 49    170 290    11 134    196 85  
  206 142    249 11    92 209    238 202    76 290  
  185 62    166 56    112 224    110 195    63 104  
  165 70    138 57    217 254    156 44    284 183  
  15 29    116 150    152 298    243 231    0 64  
  26 36    299 146    238 146    70 162    205 24  
  273 156    71 114    9 92    22 62    214 173  
  99 256    279 267    75 229    250 3    289 36  
  6 143    8 218    211 209    61 143    45 256  
  187 98    126 158    39 119    130 127    166 293  
  177 171    30 135    268 174    130 40    160 188  
  215 6    60 131    72 0    25 218    108 8  
  225 22    64 152    38 116    39 172    53 125  
  167 146    128 149    211 191    228 123    266 229  
  127 219    120 43    217 153    142 100    2 82  
  192 240    230 126    144 105    125 157    242 162  
  270 204    156 159    111 11    263 192    42 72  
  271 48    196 223    44 66    115 197    275 255  
  109 68    193 0    112 9    143 131    284 233  
  130 160    286 86    249 105    19 61    10 55  
  216 161    189 282    222 192    9 117    33 223  
  153 298    271 200    51 211    126 98    181 205  
  282 232    280 35    271 164    102 261    75 8  
  119 28    201 120    248 45    85 130    5 245  
  38 278    222 115    71 238    25 106    98 167  
  270 59    184 239    203 127    294 142    291 61  
  128 7    275 186    184 203    213 278    290 162  
  65 288    204 159    233 272    217 187    172 136  
  30 58    275 141    277 168    68 175    78 7  
  1 239    221 42    117 30    251 283    290 256  
  263 124    98 233    226 70    203 5    122 167  
  126 220    156 34    158 121    286 27    3 1  
  204 278    45 246    210 63    115 196    36 213  
  119 172    69 291    190 110    211 77    282 273  
  103 159    12 82    25 285    260 269    270 275  
  204 74    234 264    149 252    226 235    109 212  
  110 277    11 133    253 270    217 27    289 190  
  255 222    19 220    45 253    88 247    126 196  
  250 209    181 232    90 142    133 142    294 97  
  202 36    101 46    4 167    74 152    98 120  
  186 298    148 94    48 265    89 25    243 0  
  240 95    85 281    147 57    3 172    55 281  
  38 74    79 46    168 136    183 79    192 42  
  74 229    292 119    195 16    16 87    221 50  
  232 261    146 153    119 238    126 19    140 158  
  6 184    7 34    11 7    36 88  

  322 280    127 302  
  316 182    24 302    326 145    107 306  
  318 224    136 313    318 267    236 308  
  322 208    20 313    326 31    196 309  
  328 282    157 311    322 187    212 314  
  316 143    149 304    328 40    127 307  
  325 243    159 310    320 107    229 314  
  328 198    104 313    319 87    221 313  
  327 105    194 307    319 15    82 301  
  324 127    189 313    328 166    86 307  
  328 191    20 309    329 80    125 305  
  317 290    20 300    319 171    71 301  
  328 223    129 314    320 88    289 302  
  323 248    34 302    329 250    48 305  
  323 200    20 314    316 155    173 304  
  316 44    139 304  