330
0 173  0 248  
1 43  1 92  1 256  1 303  
2 167  2 314  
3 40  3 136  
4 150  4 166  4 277  4 300  4 304  4 310  4 313  
5 115  5 116  5 269  
6 303  6 304  
7 12  7 49  7 57  7 159  7 299  7 300  7 306  7 308  
8 105  8 148  8 197  8 235  
9 64  9 89  9 200  9 301  9 313  
10 55  10 173  10 200  
11 153  11 174  11 184  11 189  11 275  11 301  11 302  
12 81  12 101  12 192  12 238  12 277  12 305  12 307  
13 104  13 221  13 287  13 305  13 307  
14 0  14 101  14 128  14 265  14 300  
15 165  15 281  15 304  
16 14  16 41  16 139  16 190  16 314  
17 209  17 219  17 227  17 308  17 312  
18 19  18 23  18 24  18 223  18 309  
19 33  19 39  19 65  19 100  19 134  19 143  19 156  19 308  
20 68  20 95  20 96  20 155  20 261  20 310  
21 95  21 250  21 294  21 301  21 303  
22 52  22 94  22 300  
23 34  23 83  23 176  23 211  23 245  23 286  23 307  23 309  
24 7  24 49  24 95  24 158  24 194  24 217  24 301  
25 155  25 303  25 306  
26 135  26 300  26 303  26 310  26 314  
27 33  27 74  27 225  27 301  27 301  
28 174  28 175  28 300  28 303  28 306  28 307  
29 128  29 234  29 279  29 301  29 307  
30 120  30 158  30 269  30 300  30 308  
31 148  31 249  31 287  31 302  31 307  
32 263  32 304  32 305  32 307  
33 58  33 303  
34 140  34 183  34 287  34 303  
35 51  35 111  35 218  35 238  35 241  35 300  
36 196  36 305  
37 21  37 313  
38 104  
39 30  39 129  39 173  39 303  
40 121  40 175  40 298  40 298  40 300  
41 33  41 93  41 201  41 261  41 300  
42 60  42 120  42 174  42 307  42 311  
43 134  43 311  43 314  
44 305  44 311  44 311  
45 29  45 109  45 132  45 308  45 308  
46 250  46 301  46 302  46 309  46 310  46 313  
47 28  47 34  47 91  47 207  47 300  47 313  
48 23  48 32  48 250  48 304  48 305  48 306  48 311  
49 81  49 109  49 158  49 189  49 207  49 234  49 287  49 310  
50 53  50 232  50 304  50 306  50 308  
51 148  51 305  51 308  51 314  
52 10  52 35  52 307  52 311  
53 182  53 204  53 304  53 308  
54 136  54 228  54 267  54 308  54 311  
55 218  55 222  55 305  55 306  55 310  
56 82  56 139  56 247  56 248  
57 1  57 14  57 309  
58 308  58 310  
59 83  59 89  59 167  59 304  59 313  
60 17  60 101  60 191  60 202  60 283  60 303  60 311  60 314  
61 5  61 48  61 59  61 239  
62 79  62 232  62 237  62 243  62 250  62 306  
63 2  63 106  63 250  63 308  63 311  
64 41  64 50  64 94  64 115  64 258  64 305  
65 38  65 67  65 75  65 181  65 213  65 294  65 314  
66 53  66 99  66 258  
67 14  67 60  67 77  67 136  67 192  67 301  
68 2  68 41  68 45  68 75  68 106  68 178  68 296  68 303  68 313  
69 52  
70 106  70 225  70 306  70 311  
71 75  71 147  71 167  71 285  71 289  71 302  71 313  71 314  
72 7  72 302  72 302  72 307  
73 136  73 156  73 303  73 307  73 308  73 314  
74 130  74 157  74 309  74 310  
75 194  75 264  75 304  75 306  
76 89  76 152  76 168  76 261  
77 21  77 48  77 88  77 210  77 252  77 300  77 312  77 314  
78 35  78 78  78 96  78 165  78 302  78 305  78 314  
79 46  79 60  79 300  
80 23  80 76  80 310  
81 195  81 304  81 305  81 307  81 307  
82 72  82 78  82 135  82 209  82 263  82 279  82 286  
83 28  83 41  83 127  83 307  
84 311  
85 28  85 296  85 312  
86 14  86 124  86 142  86 245  86 284  86 304  86 313  86 314  
87 65  87 148  87 213  87 234  87 247  87 266  87 302  87 312  
88 94  88 118  88 132  88 157  88 181  88 273  88 292  
89 4  89 155  89 158  89 233  89 249  
90 146  90 200  
91 17  91 301  
92 58  92 117  92 121  92 157  92 300  92 304  92 311  92 314  
93 32  93 35  93 278  93 279  93 308  93 310  
94 14  94 65  94 107  94 129  94 174  94 258  94 306  
95 18  95 39  95 153  95 224  95 248  95 279  95 281  95 314  
96 126  96 134  96 216  96 220  96 300  96 310  96 310  96 312  
97 22  97 219  97 291  97 313  
98 16  98 73  98 112  98 206  98 261  98 265  98 302  98 306  98 309  
99 9  99 68  99 135  99 203  99 258  99 284  99 314  
100 85  100 117  100 252  
101 45  
102 27  102 28  102 74  102 220  102 303  102 314  
103 51  103 81  103 88  103 122  103 299  
104 156  104 186  104 247  104 302  104 307  104 311  
105 0  105 59  105 160  105 304  105 310  105 312  105 312  
106 181  106 230  106 287  106 301  
107 50  107 80  107 211  107 304  
108 45  108 64  108 70  108 204  108 301  
109 90  109 189  109 308  
110 83  110 126  110 157  110 235  110 287  110 297  110 312  
111 85  111 270  111 300  
112 3  112 3  112 86  112 96  112 166  112 172  112 302  112 304  
113 62  113 189  
114 249  114 297  114 301  114 304  114 307  
115 6  115 40  115 67  115 169  115 249  115 288  115 307  
116 10  116 78  116 222  116 284  116 303  116 309  116 310  
117 12  117 20  117 302  117 309  
118 130  118 157  118 185  118 301  118 303  
119 50  119 158  119 216  119 300  
120 43  120 104  120 126  120 243  120 296  
121 196  121 311  
122 153  122 259  122 260  122 311  
123 22  123 243  123 293  
124 68  124 220  
125 121  125 160  125 179  125 301  125 303  
126 206  126 273  126 276  126 310  
127 48  127 50  127 67  127 79  127 140  127 150  127 273  127 312  127 314  
128 5  128 195  128 305  128 306  128 310  
129 74  129 270  
130 105  130 184  
131 51  131 54  131 172  131 312  
132 215  132 293  132 302  132 304  
133 197  133 208  133 222  133 302  133 305  133 308  133 312  133 312  133 312  133 313  
134 3  134 209  134 269  134 311  
135 98  135 278  135 304  135 304  135 305  135 307  
136 7  136 38  136 51  136 189  136 306  136 313  136 314  
137 46  137 52  137 234  137 263  137 308  137 311  137 314  
138 57  138 249  
139 125  139 303  
140 32  140 57  140 59  140 237  140 246  140 301  140 307  140 312  
141 50  141 96  141 258  141 279  141 284  141 284  141 300  141 306  141 314  
142 107  142 209  142 229  
143 56  143 63  143 147  143 240  
144 27  144 33  144 64  144 140  144 158  144 229  144 240  
145 68  145 151  145 166  145 262  145 302  
146 174  
147 84  147 186  147 313  
148 91  148 127  148 172  148 183  148 262  148 302  
149 169  149 300  
150 301  
151 164  151 191  151 300  151 306  151 311  
152 57  152 120  152 123  152 314  
153 79  153 167  153 253  153 302  153 303  153 311  
154 300  154 302  
155 2  155 72  155 118  155 142  155 302  155 308  155 310  155 312  
157 138  157 170  157 275  
158 1  158 66  158 124  158 172  158 210  158 212  158 300  158 314  
159 27  159 209  159 310  
160 152  160 313  
161 1  161 34  161 68  161 101  
162 8  162 94  162 175  162 237  162 301  
163 64  163 143  163 182  
164 46  164 68  164 176  164 276  164 307  
165 6  165 107  165 125  165 301  165 306  
166 313  
167 51  167 226  167 263  167 312  
168 137  168 171  168 227  168 270  
169 170  169 176  169 190  169 301  169 303  169 306  169 310  169 313  
170 72  170 173  170 175  170 305  170 307  170 307  
171 68  171 81  171 151  171 305  171 310  
172 52  172 52  172 309  172 314  172 314  
173 179  173 186  173 227  173 251  173 252  173 306  
174 125  174 204  174 304  
175 32  175 40  175 113  175 278  175 303  175 303  175 308  175 311  
176 44  176 86  176 106  176 253  
177 11  177 71  177 169  177 305  177 310  
178 117  178 212  178 314  
179 5  179 80  179 91  179 196  179 217  179 299  179 300  179 313  
180 77  180 118  
181 98  181 142  181 156  181 311  
182 37  182 55  182 90  182 203  182 269  182 271  182 303  182 309  182 310  
183 5  183 20  183 77  183 207  183 212  183 259  183 298  183 310  
184 118  184 192  184 285  184 309  
185 24  185 105  185 174  185 221  
186 29  186 165  186 300  186 307  
187 17  187 118  187 142  187 187  187 254  187 301  187 309  
188 58  
189 172  189 213  189 244  
190 73  190 304  190 307  
191 115  191 158  191 302  191 306  191 309  
192 27  192 104  192 215  192 308  
193 118  193 263  193 281  193 311  
194 90  194 137  194 159  194 166  194 231  194 307  194 308  
195 125  195 218  195 286  195 309  
196 42  196 177  196 230  
197 1  197 4  197 19  197 187  197 243  
198 125  198 180  198 206  198 306  198 310  
199 110  199 231  199 284  199 305  
200 80  200 302  200 306  
201 51  201 130  201 175  201 313  
202 307  202 311  
203 45  203 109  203 155  
204 26  204 120  204 304  204 312  
205 250  
206 7  206 71  206 144  206 309  
207 71  207 86  207 93  207 301  207 305  
208 142  208 242  
209 37  209 176  209 293  209 306  209 309  209 310  
210 31  210 31  210 70  210 184  210 313  210 313  
211 243  211 308  
212 13  212 85  212 228  212 233  
213 209  213 312  213 314  
214 260  214 262  214 313  214 313  
215 23  215 111  215 137  215 308  
217 8  217 94  217 305  
218 246  218 260  218 298  218 303  218 307  218 309  218 309  
219 96  219 277  219 305  
220 196  220 305  
221 39  221 265  221 300  221 303  221 303  221 309  
222 50  222 71  222 117  222 122  222 301  
223 268  223 305  223 310  
224 247  224 273  224 302  
225 39  225 140  225 143  225 309  225 313  
226 131  226 301  226 308  226 312  
227 42  227 249  227 274  
228 40  228 114  228 121  228 177  228 207  
229 33  229 80  229 161  229 228  229 301  229 306  229 309  
230 56  230 122  230 244  230 311  
231 51  231 98  231 186  231 211  231 223  231 256  
232 91  232 110  232 200  232 236  
233 295  
234 169  
235 287  235 294  235 308  
236 234  236 301  236 302  236 308  
237 270  237 277  237 305  237 309  237 311  
238 122  238 140  238 212  238 261  238 272  
239 103  239 141  239 224  239 279  239 303  239 306  239 313  
240 126  240 271  240 302  240 304  240 306  240 314  
241 304  241 312  
242 24  242 282  242 302  242 304  242 310  
243 120  243 310  243 313  
244 126  244 312  244 314  
245 66  245 150  245 278  245 302  245 310  245 314  
246 19  246 31  246 223  
247 136  247 258  247 292  247 306  247 307  
248 128  248 169  
249 308  
250 32  250 129  
251 258  251 305  251 309  
252 77  252 201  252 243  252 304  252 306  
253 10  253 88  253 260  253 305  253 312  
254 73  254 109  254 126  254 137  254 195  254 306  254 311  
255 137  255 207  255 313  
256 115  256 204  
257 176  257 270  
258 91  258 107  258 114  258 247  258 290  258 309  258 311  
259 226  259 264  259 305  259 306  259 313  
260 26  260 300  260 312  
261 227  261 283  261 305  261 309  
262 161  262 215  
263 128  263 309  
264 17  264 25  264 143  264 243  264 294  
265 89  265 167  265 222  265 261  265 279  265 290  265 311  
266 47  266 108  266 146  266 309  
267 252  267 301  267 302  
268 54  268 56  268 77  268 151  268 244  268 310  
269 117  
270 3  270 23  270 49  270 126  270 196  270 309  
271 22  271 90  271 178  271 206  271 209  271 311  271 312  
272 1  272 70  272 165  272 221  272 301  272 303  272 305  
273 12  273 23  273 134  273 143  273 195  273 230  273 271  273 302  273 312  
274 64  274 71  274 300  
275 86  275 149  275 161  275 220  275 300  
276 100  276 134  276 156  276 229  276 240  276 300  276 312  276 312  276 313  
277 69  277 277  277 309  277 312  
278 23  278 33  278 175  278 254  278 303  278 307  278 312  
279 45  279 59  279 102  279 127  279 307  
280 200  280 200  280 253  280 301  280 304  
281 116  281 263  281 312  
282 26  282 304  
283 11  283 70  283 204  
284 98  284 176  284 308  284 314  
285 62  285 113  285 141  285 308  285 313  
286 1  286 77  286 115  286 235  286 285  286 300  
287 301  287 303  
288 17  288 74  288 117  288 160  288 168  288 309  
289 54  289 92  289 238  289 276  
290 149  
291 171  291 304  291 304  291 305  291 308  291 313  
292 31  292 75  292 258  
293 61  293 280  293 302  
294 91  294 179  294 261  
295 303  
296 25  296 37  296 171  296 258  296 265  
297 268  297 311  
298 96  298 204  298 210  
299 74  299 224  299 302  299 306  
315 15  315 20  315 37  315 69  315 69  315 78  315 102  315 109  315 114  315 115  315 132  315 137  315 160  315 167  315 185  315 188  315 192  315 194  315 206  315 216  315 222  315 224  315 226  315 226  315 227  315 236  315 244  315 251  315 251  315 259  
316 2  316 6  316 7  316 15  316 19  316 30  316 37  316 40  316 65  316 66  316 67  316 67  316 80  316 104  316 105  316 105  316 115  316 149  316 151  316 157  316 174  316 190  316 203  316 212  316 230  316 236  316 265  316 294  316 296  316 296  
317 3  317 9  317 14  317 18  317 22  317 28  317 44  317 49  317 49  317 74  317 98  317 108  317 110  317 116  317 129  317 159  317 162  317 186  317 188  317 198  317 200  317 200  317 228  317 231  317 261  317 278  317 291  317 292  317 293  317 297  
318 3  318 4  318 8  318 30  318 35  318 65  318 76  318 77  318 107  318 131  318 136  318 149  318 152  318 157  318 158  318 173  318 179  318 194  318 196  318 206  318 220  318 224  318 231  318 240  318 244  318 259  318 271  318 272  318 274  318 275  
319 9  319 14  319 26  319 30  319 51  319 74  319 78  319 86  319 92  319 93  319 100  319 115  319 131  319 166  319 179  319 180  319 192  319 195  319 197  319 200  319 209  319 210  319 217  319 218  319 242  319 245  319 254  319 261  319 273  319 297  
320 12  320 39  320 40  320 45  320 97  320 105  320 113  320 122  320 124  320 153  320 154  320 160  320 166  320 168  320 168  320 188  320 191  320 206  320 220  320 235  320 252  320 262  320 268  320 272  320 278  320 285  320 286  320 295  320 297  320 299  
321 4  321 13  321 15  321 33  321 41  321 48  321 52  321 56  321 81  321 89  321 106  321 128  321 133  321 136  321 138  321 155  321 160  321 163  321 163  321 167  321 169  321 196  321 197  321 211  321 225  321 230  321 231  321 242  321 271  321 291  
322 14  322 17  322 32  322 40  322 73  322 81  322 82  322 100  322 115  322 129  322 129  322 143  322 149  322 151  322 157  322 166  322 194  322 199  322 200  322 206  322 209  322 220  322 232  322 233  322 236  322 257  322 259  322 271  322 280  322 294  
323 0  323 16  323 53  323 69  323 77  323 79  323 84  323 94  323 119  323 132  323 148  323 170  323 184  323 188  323 224  323 227  323 230  323 235  323 247  323 261  323 267  323 271  323 271  323 275  323 277  323 277  323 277  323 282  323 288  323 297  
324 3  324 6  324 19  324 21  324 59  324 61  324 74  324 76  324 77  324 83  324 100  324 106  324 123  324 123  324 151  324 160  324 161  324 162  324 167  324 200  324 209  324 212  324 220  324 241  324 261  324 264  324 266  324 275  324 290  324 295  
325 22  325 30  325 52  325 69  325 83  325 98  325 105  325 105  325 139  325 143  325 153  325 157  325 162  325 162  325 172  325 176  325 197  325 205  325 213  325 223  325 226  325 236  325 238  325 240  325 243  325 249  325 253  325 262  325 281  325 289  
326 13  326 14  326 17  326 25  326 45  326 60  326 67  326 82  326 94  326 94  326 96  326 125  326 127  326 134  326 137  326 145  326 154  326 160  326 163  326 164  326 175  326 190  326 200  326 204  326 224  326 228  326 231  326 273  326 273  326 291  
327 2  327 8  327 16  327 38  327 42  327 49  327 61  327 69  327 76  327 80  327 85  327 121  327 124  327 132  327 141  327 147  327 151  327 158  327 158  327 160  327 182  327 183  327 186  327 214  327 216  327 247  327 257  327 263  327 280  327 289  
328 15  328 46  328 50  328 58  328 83  328 84  328 93  328 103  328 109  328 113  328 125  328 130  328 140  328 153  328 173  328 175  328 181  328 207  328 226  328 229  328 230  328 235  328 251  328 259  328 264  328 269  328 282  328 283  328 283  328 290  
329 5  329 12  329 30  329 31  329 32  329 41  329 55  329 57  329 69  329 88  329 113  329 116  329 117  329 119  329 120  329 145  329 162  329 180  329 196  329 200  329 202  329 204  329 218  329 219  329 230  329 245  329 245  329 256  329 287  329 295  
