14 14
0.00714 0.00714 0.00714 0.00714 0.00714 0.00714 0.30714 0.60714 0.00714 0.00714 0.00714 0.00714 0.00714 0.00714 
0.23214 0.23214 0.00714 0.00714 0.00714 0.00714 0.23214 0.00714 0.23214 0.00714 0.00714 0.00714 0.00714 0.00714 
0.00714 0.00714 0.30714 0.30714 0.00714 0.00714 0.00714 0.00714 0.00714 0.00714 0.30714 0.00714 0.00714 0.00714 
0.00714 0.90714 0.00714 0.00714 0.00714 0.00714 0.00714 0.00714 0.00714 0.00714 0.00714 0.00714 0.00714 0.00714 
0.00714 0.00714 0.00714 0.45714 0.00714 0.00714 0.45714 0.00714 0.00714 0.00714 0.00714 0.00714 0.00714 0.00714 
0.00714 0.00714 0.00714 0.45714 0.00714 0.00714 0.00714 0.00714 0.00714 0.23214 0.00714 0.23214 0.00714 0.00714 
0.45714 0.00714 0.00714 0.00714 0.00714 0.00714 0.45714 0.00714 0.00714 0.00714 0.00714 0.00714 0.00714 0.00714 
0.23214 0.11964 0.00714 0.00714 0.11964 0.34464 0.00714 0.00714 0.00714 0.11964 0.00714 0.00714 0.00714 0.00714 
0.18714 0.00714 0.00714 0.00714 0.18714 0.00714 0.18714 0.18714 0.18714 0.00714 0.00714 0.00714 0.00714 0.00714 
0.07143 0.07143 0.07143 0.07143 0.07143 0.07143 0.07143 0.07143 0.07143 0.07143 0.07143 0.07143 0.07143 0.07143 
0.07143 0.07143 0.07143 0.07143 0.07143 0.07143 0.07143 0.07143 0.07143 0.07143 0.07143 0.07143 0.07143 0.07143 
0.07143 0.07143 0.07143 0.07143 0.07143 0.07143 0.07143 0.07143 0.07143 0.07143 0.07143 0.07143 0.07143 0.07143 
0.00714 0.00714 0.00714 0.00714 0.00714 0.00714 0.00714 0.00714 0.90714 0.00714 0.00714 0.00714 0.00714 0.00714 
0.00714 0.00714 0.00714 0.00714 0.00714 0.00714 0.00714 0.00714 0.90714 0.00714 0.00714 0.00714 0.00714 0.00714 
