56

0 10  0 40  0 51  
1 18  1 30  1 52  
2 32  
3 27  3 52  
5 9  5 36  
6 35  6 37  6 51  
7 30  7 40  7 41  
8 36  8 50  8 51  8 52  
9 1  9 38  9 41  9 43  9 43  9 45  
10 35  
11 2  11 42  
12 32  
13 3  
14 25  14 46  14 51  
15 1  
16 35  16 43  
17 0  17 28  17 30  
18 0  18 10  
19 12  19 41  19 51  
20 23  20 28  20 50  
21 44  
23 9  23 40  
24 37  24 46  
25 6  25 22  25 39  25 45  25 50  
26 2  26 3  26 4  26 12  
27 9  
28 4  28 23  28 24  28 30  28 34  28 48  
29 5  29 32  29 50  29 52  
30 27  30 38  
31 2  31 4  31 23  31 29  
33 12  
35 10  35 32  35 32  35 44  35 45  
36 16  36 21  36 22  36 33  36 52  
37 42  37 46  37 47  
38 22  38 43  
39 16  39 50  
41 4  41 12  41 17  41 27  
42 5  42 17  
43 33  43 47  
44 29  
46 20  
47 4  47 20  47 22  47 47  
48 34  
49 37  49 40  
53 4  53 9  53 17  53 22  53 38  
54 2  54 27  54 38  54 39  54 47  
55 0  55 7  55 28  55 33  55 49  
