56 56
0.00179 0,00179 0,00179 0,00179 0,00179 0,00179 0,00179 0,00179 0,00179 0,00179 0,30179 0,00179 0,00179 0,00179 0,00179 0,00179 0,00179 0,00179 0,00179 0,00179 0,00179 0,00179 0,00179 0,00179 0,00179 0,00179 0,00179 0,00179 0,00179 0,00179 0,00179 0,00179 0,00179 0,00179 0,00179 0,00179 0,00179 0,00179 0,00179 0,00179 0,30179 0,00179 0,00179 0,00179 0,00179 0,00179 0,00179 0,00179 0,00179 0,00179 0,00179 0,30179 0,00179 0,00179 0,00179 0,00179 
0,00179 0,00179 0,00179 0,00179 0,00179 0,00179 0,00179 0,00179 0,00179 0,00179 0,00179 0,00179 0,00179 0,00179 0,00179 0,00179 0,00179 0,00179 0,30179 0,00179 0,00179 0,00179 0,00179 0,00179 0,00179 0,00179 0,00179 0,00179 0,00179 0,00179 0,30179 0,00179 0,00179 0,00179 0,00179 0,00179 0,00179 0,00179 0,00179 0,00179 0,00179 0,00179 0,00179 0,00179 0,00179 0,00179 0,00179 0,00179 0,00179 0,00179 0,00179 0,00179 0,30179 0,00179 0,00179 0,00179 
0,00179 0,00179 0,00179 0,00179 0,00179 0,00179 0,00179 0,00179 0,00179 0,00179 0,00179 0,00179 0,00179 0,00179 0,00179 0,00179 0,00179 0,00179 0,00179 0,00179 0,00179 0,00179 0,00179 0,00179 0,00179 0,00179 0,00179 0,00179 0,00179 0,00179 0,00179 0,00179 0,90179 0,00179 0,00179 0,00179 0,00179 0,00179 0,00179 0,00179 0,00179 0,00179 0,00179 0,00179 0,00179 0,00179 0,00179 0,00179 0,00179 0,00179 0,00179 0,00179 0,00179 0,00179 0,00179 0,00179 
0,00179 0,00179 0,00179 0,00179 0,00179 0,00179 0,00179 0,00179 0,00179 0,00179 0,00179 0,00179 0,00179 0,00179 0,00179 0,00179 0,00179 0,00179 0,00179 0,00179 0,00179 0,00179 0,00179 0,00179 0,00179 0,00179 0,00179 0,45179 0,00179 0,00179 0,00179 0,00179 0,00179 0,00179 0,00179 0,00179 0,00179 0,00179 0,00179 0,00179 0,00179 0,00179 0,00179 0,00179 0,00179 0,00179 0,00179 0,00179 0,00179 0,00179 0,00179 0,00179 0,45179 0,00179 0,00179 0,00179 
0,01786 0,01786 0,01786 0,01786 0,01786 0,01786 0,01786 0,01786 0,01786 0,01786 0,01786 0,01786 0,01786 0,01786 0,01786 0,01786 0,01786 0,01786 0,01786 0,01786 0,01786 0,01786 0,01786 0,01786 0,01786 0,01786 0,01786 0,01786 0,01786 0,01786 0,01786 0,01786 0,01786 0,01786 0,01786 0,01786 0,01786 0,01786 0,01786 0,01786 0,01786 0,01786 0,01786 0,01786 0,01786 0,01786 0,01786 0,01786 0,01786 0,01786 0,01786 0,01786 0,01786 0,01786 0,01786 0,01786 
0,00179 0,00179 0,00179 0,00179 0,00179 0,00179 0,00179 0,00179 0,00179 0,45179 0,00179 0,00179 0,00179 0,00179 0,00179 0,00179 0,00179 0,00179 0,00179 0,00179 0,00179 0,00179 0,00179 0,00179 0,00179 0,00179 0,00179 0,00179 0,00179 0,00179 0,00179 0,00179 0,00179 0,00179 0,00179 0,00179 0,45179 0,00179 0,00179 0,00179 0,00179 0,00179 0,00179 0,00179 0,00179 0,00179 0,00179 0,00179 0,00179 0,00179 0,00179 0,00179 0,00179 0,00179 0,00179 0,00179 
0,00179 0,00179 0,00179 0,00179 0,00179 0,00179 0,00179 0,00179 0,00179 0,00179 0,00179 0,00179 0,00179 0,00179 0,00179 0,00179 0,00179 0,00179 0,00179 0,00179 0,00179 0,00179 0,00179 0,00179 0,00179 0,00179 0,00179 0,00179 0,00179 0,00179 0,00179 0,00179 0,00179 0,00179 0,00179 0,30179 0,00179 0,30179 0,00179 0,00179 0,00179 0,00179 0,00179 0,00179 0,00179 0,00179 0,00179 0,00179 0,00179 0,00179 0,00179 0,30179 0,00179 0,00179 0,00179 0,00179 
0,00179 0,00179 0,00179 0,00179 0,00179 0,00179 0,00179 0,00179 0,00179 0,00179 0,00179 0,00179 0,00179 0,00179 0,00179 0,00179 0,00179 0,00179 0,00179 0,00179 0,00179 0,00179 0,00179 0,00179 0,00179 0,00179 0,00179 0,00179 0,00179 0,00179 0,30179 0,00179 0,00179 0,00179 0,00179 0,00179 0,00179 0,00179 0,00179 0,00179 0,30179 0,30179 0,00179 0,00179 0,00179 0,00179 0,00179 0,00179 0,00179 0,00179 0,00179 0,00179 0,00179 0,00179 0,00179 0,00179 
0,00179 0,00179 0,00179 0,00179 0,00179 0,00179 0,00179 0,00179 0,00179 0,00179 0,00179 0,00179 0,00179 0,00179 0,00179 0,00179 0,00179 0,00179 0,00179 0,00179 0,00179 0,00179 0,00179 0,00179 0,00179 0,00179 0,00179 0,00179 0,00179 0,00179 0,00179 0,00179 0,00179 0,00179 0,00179 0,00179 0,22679 0,00179 0,00179 0,00179 0,00179 0,00179 0,00179 0,00179 0,00179 0,00179 0,00179 0,00179 0,00179 0,00179 0,22679 0,22679 0,22679 0,00179 0,00179 0,00179 
0,00179 0,15179 0,00179 0,00179 0,00179 0,00179 0,00179 0,00179 0,00179 0,00179 0,00179 0,00179 0,00179 0,00179 0,00179 0,00179 0,00179 0,00179 0,00179 0,00179 0,00179 0,00179 0,00179 0,00179 0,00179 0,00179 0,00179 0,00179 0,00179 0,00179 0,00179 0,00179 0,00179 0,00179 0,00179 0,00179 0,00179 0,00179 0,15179 0,00179 0,00179 0,15179 0,00179 0,30179 0,00179 0,15179 0,00179 0,00179 0,00179 0,00179 0,00179 0,00179 0,00179 0,00179 0,00179 0,00179 
0,00179 0,00179 0,00179 0,00179 0,00179 0,00179 0,00179 0,00179 0,00179 0,00179 0,00179 0,00179 0,00179 0,00179 0,00179 0,00179 0,00179 0,00179 0,00179 0,00179 0,00179 0,00179 0,00179 0,00179 0,00179 0,00179 0,00179 0,00179 0,00179 0,00179 0,00179 0,00179 0,00179 0,00179 0,00179 0,90179 0,00179 0,00179 0,00179 0,00179 0,00179 0,00179 0,00179 0,00179 0,00179 0,00179 0,00179 0,00179 0,00179 0,00179 0,00179 0,00179 0,00179 0,00179 0,00179 0,00179 
0,00179 0,00179 0,45179 0,00179 0,00179 0,00179 0,00179 0,00179 0,00179 0,00179 0,00179 0,00179 0,00179 0,00179 0,00179 0,00179 0,00179 0,00179 0,00179 0,00179 0,00179 0,00179 0,00179 0,00179 0,00179 0,00179 0,00179 0,00179 0,00179 0,00179 0,00179 0,00179 0,00179 0,00179 0,00179 0,00179 0,00179 0,00179 0,00179 0,00179 0,00179 0,00179 0,45179 0,00179 0,00179 0,00179 0,00179 0,00179 0,00179 0,00179 0,00179 0,00179 0,00179 0,00179 0,00179 0,00179 
0,00179 0,00179 0,00179 0,00179 0,00179 0,00179 0,00179 0,00179 0,00179 0,00179 0,00179 0,00179 0,00179 0,00179 0,00179 0,00179 0,00179 0,00179 0,00179 0,00179 0,00179 0,00179 0,00179 0,00179 0,00179 0,00179 0,00179 0,00179 0,00179 0,00179 0,00179 0,00179 0,90179 0,00179 0,00179 0,00179 0,00179 0,00179 0,00179 0,00179 0,00179 0,00179 0,00179 0,00179 0,00179 0,00179 0,00179 0,00179 0,00179 0,00179 0,00179 0,00179 0,00179 0,00179 0,00179 0,00179 
0,00179 0,00179 0,00179 0,90179 0,00179 0,00179 0,00179 0,00179 0,00179 0,00179 0,00179 0,00179 0,00179 0,00179 0,00179 0,00179 0,00179 0,00179 0,00179 0,00179 0,00179 0,00179 0,00179 0,00179 0,00179 0,00179 0,00179 0,00179 0,00179 0,00179 0,00179 0,00179 0,00179 0,00179 0,00179 0,00179 0,00179 0,00179 0,00179 0,00179 0,00179 0,00179 0,00179 0,00179 0,00179 0,00179 0,00179 0,00179 0,00179 0,00179 0,00179 0,00179 0,00179 0,00179 0,00179 0,00179 
0,00179 0,00179 0,00179 0,00179 0,00179 0,00179 0,00179 0,00179 0,00179 0,00179 0,00179 0,00179 0,00179 0,00179 0,00179 0,00179 0,00179 0,00179 0,00179 0,00179 0,00179 0,00179 0,00179 0,00179 0,00179 0,30179 0,00179 0,00179 0,00179 0,00179 0,00179 0,00179 0,00179 0,00179 0,00179 0,00179 0,00179 0,00179 0,00179 0,00179 0,00179 0,00179 0,00179 0,00179 0,00179 0,00179 0,30179 0,00179 0,00179 0,00179 0,00179 0,30179 0,00179 0,00179 0,00179 0,00179 
0,00179 0,90179 0,00179 0,00179 0,00179 0,00179 0,00179 0,00179 0,00179 0,00179 0,00179 0,00179 0,00179 0,00179 0,00179 0,00179 0,00179 0,00179 0,00179 0,00179 0,00179 0,00179 0,00179 0,00179 0,00179 0,00179 0,00179 0,00179 0,00179 0,00179 0,00179 0,00179 0,00179 0,00179 0,00179 0,00179 0,00179 0,00179 0,00179 0,00179 0,00179 0,00179 0,00179 0,00179 0,00179 0,00179 0,00179 0,00179 0,00179 0,00179 0,00179 0,00179 0,00179 0,00179 0,00179 0,00179 
0,00179 0,00179 0,00179 0,00179 0,00179 0,00179 0,00179 0,00179 0,00179 0,00179 0,00179 0,00179 0,00179 0,00179 0,00179 0,00179 0,00179 0,00179 0,00179 0,00179 0,00179 0,00179 0,00179 0,00179 0,00179 0,00179 0,00179 0,00179 0,00179 0,00179 0,00179 0,00179 0,00179 0,00179 0,00179 0,45179 0,00179 0,00179 0,00179 0,00179 0,00179 0,00179 0,00179 0,45179 0,00179 0,00179 0,00179 0,00179 0,00179 0,00179 0,00179 0,00179 0,00179 0,00179 0,00179 0,00179 
0,30179 0,00179 0,00179 0,00179 0,00179 0,00179 0,00179 0,00179 0,00179 0,00179 0,00179 0,00179 0,00179 0,00179 0,00179 0,00179 0,00179 0,00179 0,00179 0,00179 0,00179 0,00179 0,00179 0,00179 0,00179 0,00179 0,00179 0,00179 0,30179 0,00179 0,30179 0,00179 0,00179 0,00179 0,00179 0,00179 0,00179 0,00179 0,00179 0,00179 0,00179 0,00179 0,00179 0,00179 0,00179 0,00179 0,00179 0,00179 0,00179 0,00179 0,00179 0,00179 0,00179 0,00179 0,00179 0,00179 
0,45179 0,00179 0,00179 0,00179 0,00179 0,00179 0,00179 0,00179 0,00179 0,00179 0,45179 0,00179 0,00179 0,00179 0,00179 0,00179 0,00179 0,00179 0,00179 0,00179 0,00179 0,00179 0,00179 0,00179 0,00179 0,00179 0,00179 0,00179 0,00179 0,00179 0,00179 0,00179 0,00179 0,00179 0,00179 0,00179 0,00179 0,00179 0,00179 0,00179 0,00179 0,00179 0,00179 0,00179 0,00179 0,00179 0,00179 0,00179 0,00179 0,00179 0,00179 0,00179 0,00179 0,00179 0,00179 0,00179 
0,00179 0,00179 0,00179 0,00179 0,00179 0,00179 0,00179 0,00179 0,00179 0,00179 0,00179 0,00179 0,30179 0,00179 0,00179 0,00179 0,00179 0,00179 0,00179 0,00179 0,00179 0,00179 0,00179 0,00179 0,00179 0,00179 0,00179 0,00179 0,00179 0,00179 0,00179 0,00179 0,00179 0,00179 0,00179 0,00179 0,00179 0,00179 0,00179 0,00179 0,00179 0,30179 0,00179 0,00179 0,00179 0,00179 0,00179 0,00179 0,00179 0,00179 0,00179 0,30179 0,00179 0,00179 0,00179 0,00179 
0,00179 0,00179 0,00179 0,00179 0,00179 0,00179 0,00179 0,00179 0,00179 0,00179 0,00179 0,00179 0,00179 0,00179 0,00179 0,00179 0,00179 0,00179 0,00179 0,00179 0,00179 0,00179 0,00179 0,30179 0,00179 0,00179 0,00179 0,00179 0,30179 0,00179 0,00179 0,00179 0,00179 0,00179 0,00179 0,00179 0,00179 0,00179 0,00179 0,00179 0,00179 0,00179 0,00179 0,00179 0,00179 0,00179 0,00179 0,00179 0,00179 0,00179 0,30179 0,00179 0,00179 0,00179 0,00179 0,00179 
0,00179 0,00179 0,00179 0,00179 0,00179 0,00179 0,00179 0,00179 0,00179 0,00179 0,00179 0,00179 0,00179 0,00179 0,00179 0,00179 0,00179 0,00179 0,00179 0,00179 0,00179 0,00179 0,00179 0,00179 0,00179 0,00179 0,00179 0,00179 0,00179 0,00179 0,00179 0,00179 0,00179 0,00179 0,00179 0,00179 0,00179 0,00179 0,00179 0,00179 0,00179 0,00179 0,00179 0,00179 0,90179 0,00179 0,00179 0,00179 0,00179 0,00179 0,00179 0,00179 0,00179 0,00179 0,00179 0,00179 
0,01786 0,01786 0,01786 0,01786 0,01786 0,01786 0,01786 0,01786 0,01786 0,01786 0,01786 0,01786 0,01786 0,01786 0,01786 0,01786 0,01786 0,01786 0,01786 0,01786 0,01786 0,01786 0,01786 0,01786 0,01786 0,01786 0,01786 0,01786 0,01786 0,01786 0,01786 0,01786 0,01786 0,01786 0,01786 0,01786 0,01786 0,01786 0,01786 0,01786 0,01786 0,01786 0,01786 0,01786 0,01786 0,01786 0,01786 0,01786 0,01786 0,01786 0,01786 0,01786 0,01786 0,01786 0,01786 0,01786 
0,00179 0,00179 0,00179 0,00179 0,00179 0,00179 0,00179 0,00179 0,00179 0,45179 0,00179 0,00179 0,00179 0,00179 0,00179 0,00179 0,00179 0,00179 0,00179 0,00179 0,00179 0,00179 0,00179 0,00179 0,00179 0,00179 0,00179 0,00179 0,00179 0,00179 0,00179 0,00179 0,00179 0,00179 0,00179 0,00179 0,00179 0,00179 0,00179 0,00179 0,45179 0,00179 0,00179 0,00179 0,00179 0,00179 0,00179 0,00179 0,00179 0,00179 0,00179 0,00179 0,00179 0,00179 0,00179 0,00179 
0,00179 0,00179 0,00179 0,00179 0,00179 0,00179 0,00179 0,00179 0,00179 0,00179 0,00179 0,00179 0,00179 0,00179 0,00179 0,00179 0,00179 0,00179 0,00179 0,00179 0,00179 0,00179 0,00179 0,00179 0,00179 0,00179 0,00179 0,00179 0,00179 0,00179 0,00179 0,00179 0,00179 0,00179 0,00179 0,00179 0,00179 0,45179 0,00179 0,00179 0,00179 0,00179 0,00179 0,00179 0,00179 0,00179 0,45179 0,00179 0,00179 0,00179 0,00179 0,00179 0,00179 0,00179 0,00179 0,00179 
0,00179 0,00179 0,00179 0,00179 0,00179 0,00179 0,18179 0,00179 0,00179 0,00179 0,00179 0,00179 0,00179 0,00179 0,00179 0,00179 0,00179 0,00179 0,00179 0,00179 0,00179 0,00179 0,18179 0,00179 0,00179 0,00179 0,00179 0,00179 0,00179 0,00179 0,00179 0,00179 0,00179 0,00179 0,00179 0,00179 0,00179 0,00179 0,00179 0,18179 0,00179 0,00179 0,00179 0,00179 0,00179 0,18179 0,00179 0,00179 0,00179 0,00179 0,18179 0,00179 0,00179 0,00179 0,00179 0,00179 
0,00179 0,00179 0,22679 0,22679 0,22679 0,00179 0,00179 0,00179 0,00179 0,00179 0,00179 0,00179 0,22679 0,00179 0,00179 0,00179 0,00179 0,00179 0,00179 0,00179 0,00179 0,00179 0,00179 0,00179 0,00179 0,00179 0,00179 0,00179 0,00179 0,00179 0,00179 0,00179 0,00179 0,00179 0,00179 0,00179 0,00179 0,00179 0,00179 0,00179 0,00179 0,00179 0,00179 0,00179 0,00179 0,00179 0,00179 0,00179 0,00179 0,00179 0,00179 0,00179 0,00179 0,00179 0,00179 0,00179 
0,00179 0,00179 0,00179 0,00179 0,00179 0,00179 0,00179 0,00179 0,00179 0,90179 0,00179 0,00179 0,00179 0,00179 0,00179 0,00179 0,00179 0,00179 0,00179 0,00179 0,00179 0,00179 0,00179 0,00179 0,00179 0,00179 0,00179 0,00179 0,00179 0,00179 0,00179 0,00179 0,00179 0,00179 0,00179 0,00179 0,00179 0,00179 0,00179 0,00179 0,00179 0,00179 0,00179 0,00179 0,00179 0,00179 0,00179 0,00179 0,00179 0,00179 0,00179 0,00179 0,00179 0,00179 0,00179 0,00179 
0,00179 0,00179 0,00179 0,00179 0,15179 0,00179 0,00179 0,00179 0,00179 0,00179 0,00179 0,00179 0,00179 0,00179 0,00179 0,00179 0,00179 0,00179 0,00179 0,00179 0,00179 0,00179 0,00179 0,15179 0,15179 0,00179 0,00179 0,00179 0,00179 0,00179 0,15179 0,00179 0,00179 0,00179 0,15179 0,00179 0,00179 0,00179 0,00179 0,00179 0,00179 0,00179 0,00179 0,00179 0,00179 0,00179 0,00179 0,00179 0,15179 0,00179 0,00179 0,00179 0,00179 0,00179 0,00179 0,00179 
0,00179 0,00179 0,00179 0,00179 0,00179 0,22679 0,00179 0,00179 0,00179 0,00179 0,00179 0,00179 0,00179 0,00179 0,00179 0,00179 0,00179 0,00179 0,00179 0,00179 0,00179 0,00179 0,00179 0,00179 0,00179 0,00179 0,00179 0,00179 0,00179 0,00179 0,00179 0,00179 0,22679 0,00179 0,00179 0,00179 0,00179 0,00179 0,00179 0,00179 0,00179 0,00179 0,00179 0,00179 0,00179 0,00179 0,00179 0,00179 0,00179 0,00179 0,22679 0,00179 0,22679 0,00179 0,00179 0,00179 
0,00179 0,00179 0,00179 0,00179 0,00179 0,00179 0,00179 0,00179 0,00179 0,00179 0,00179 0,00179 0,00179 0,00179 0,00179 0,00179 0,00179 0,00179 0,00179 0,00179 0,00179 0,00179 0,00179 0,00179 0,00179 0,00179 0,00179 0,45179 0,00179 0,00179 0,00179 0,00179 0,00179 0,00179 0,00179 0,00179 0,00179 0,00179 0,45179 0,00179 0,00179 0,00179 0,00179 0,00179 0,00179 0,00179 0,00179 0,00179 0,00179 0,00179 0,00179 0,00179 0,00179 0,00179 0,00179 0,00179 
0,00179 0,00179 0,22679 0,00179 0,22679 0,00179 0,00179 0,00179 0,00179 0,00179 0,00179 0,00179 0,00179 0,00179 0,00179 0,00179 0,00179 0,00179 0,00179 0,00179 0,00179 0,00179 0,00179 0,22679 0,00179 0,00179 0,00179 0,00179 0,00179 0,22679 0,00179 0,00179 0,00179 0,00179 0,00179 0,00179 0,00179 0,00179 0,00179 0,00179 0,00179 0,00179 0,00179 0,00179 0,00179 0,00179 0,00179 0,00179 0,00179 0,00179 0,00179 0,00179 0,00179 0,00179 0,00179 0,00179 
0,01786 0,01786 0,01786 0,01786 0,01786 0,01786 0,01786 0,01786 0,01786 0,01786 0,01786 0,01786 0,01786 0,01786 0,01786 0,01786 0,01786 0,01786 0,01786 0,01786 0,01786 0,01786 0,01786 0,01786 0,01786 0,01786 0,01786 0,01786 0,01786 0,01786 0,01786 0,01786 0,01786 0,01786 0,01786 0,01786 0,01786 0,01786 0,01786 0,01786 0,01786 0,01786 0,01786 0,01786 0,01786 0,01786 0,01786 0,01786 0,01786 0,01786 0,01786 0,01786 0,01786 0,01786 0,01786 0,01786 
0,00179 0,00179 0,00179 0,00179 0,00179 0,00179 0,00179 0,00179 0,00179 0,00179 0,00179 0,00179 0,90179 0,00179 0,00179 0,00179 0,00179 0,00179 0,00179 0,00179 0,00179 0,00179 0,00179 0,00179 0,00179 0,00179 0,00179 0,00179 0,00179 0,00179 0,00179 0,00179 0,00179 0,00179 0,00179 0,00179 0,00179 0,00179 0,00179 0,00179 0,00179 0,00179 0,00179 0,00179 0,00179 0,00179 0,00179 0,00179 0,00179 0,00179 0,00179 0,00179 0,00179 0,00179 0,00179 0,00179 
0,01786 0,01786 0,01786 0,01786 0,01786 0,01786 0,01786 0,01786 0,01786 0,01786 0,01786 0,01786 0,01786 0,01786 0,01786 0,01786 0,01786 0,01786 0,01786 0,01786 0,01786 0,01786 0,01786 0,01786 0,01786 0,01786 0,01786 0,01786 0,01786 0,01786 0,01786 0,01786 0,01786 0,01786 0,01786 0,01786 0,01786 0,01786 0,01786 0,01786 0,01786 0,01786 0,01786 0,01786 0,01786 0,01786 0,01786 0,01786 0,01786 0,01786 0,01786 0,01786 0,01786 0,01786 0,01786 0,01786 
0,00179 0,00179 0,00179 0,00179 0,00179 0,00179 0,00179 0,00179 0,00179 0,00179 0,18179 0,00179 0,00179 0,00179 0,00179 0,00179 0,00179 0,00179 0,00179 0,00179 0,00179 0,00179 0,00179 0,00179 0,00179 0,00179 0,00179 0,00179 0,00179 0,00179 0,00179 0,00179 0,36179 0,00179 0,00179 0,00179 0,00179 0,00179 0,00179 0,00179 0,00179 0,00179 0,00179 0,00179 0,18179 0,18179 0,00179 0,00179 0,00179 0,00179 0,00179 0,00179 0,00179 0,00179 0,00179 0,00179 
0,00179 0,00179 0,00179 0,00179 0,00179 0,00179 0,00179 0,00179 0,00179 0,00179 0,00179 0,00179 0,00179 0,00179 0,00179 0,00179 0,18179 0,00179 0,00179 0,00179 0,00179 0,18179 0,18179 0,00179 0,00179 0,00179 0,00179 0,00179 0,00179 0,00179 0,00179 0,00179 0,00179 0,18179 0,00179 0,00179 0,00179 0,00179 0,00179 0,00179 0,00179 0,00179 0,00179 0,00179 0,00179 0,00179 0,00179 0,00179 0,00179 0,00179 0,00179 0,00179 0,18179 0,00179 0,00179 0,00179 
0,00179 0,00179 0,00179 0,00179 0,00179 0,00179 0,00179 0,00179 0,00179 0,00179 0,00179 0,00179 0,00179 0,00179 0,00179 0,00179 0,00179 0,00179 0,00179 0,00179 0,00179 0,00179 0,00179 0,00179 0,00179 0,00179 0,00179 0,00179 0,00179 0,00179 0,00179 0,00179 0,00179 0,00179 0,00179 0,00179 0,00179 0,00179 0,00179 0,00179 0,00179 0,00179 0,30179 0,00179 0,00179 0,00179 0,30179 0,30179 0,00179 0,00179 0,00179 0,00179 0,00179 0,00179 0,00179 0,00179 
0,00179 0,00179 0,00179 0,00179 0,00179 0,00179 0,00179 0,00179 0,00179 0,00179 0,00179 0,00179 0,00179 0,00179 0,00179 0,00179 0,00179 0,00179 0,00179 0,00179 0,00179 0,00179 0,45179 0,00179 0,00179 0,00179 0,00179 0,00179 0,00179 0,00179 0,00179 0,00179 0,00179 0,00179 0,00179 0,00179 0,00179 0,00179 0,00179 0,00179 0,00179 0,00179 0,00179 0,45179 0,00179 0,00179 0,00179 0,00179 0,00179 0,00179 0,00179 0,00179 0,00179 0,00179 0,00179 0,00179 
0,00179 0,00179 0,00179 0,00179 0,00179 0,00179 0,00179 0,00179 0,00179 0,00179 0,00179 0,00179 0,00179 0,00179 0,00179 0,00179 0,45179 0,00179 0,00179 0,00179 0,00179 0,00179 0,00179 0,00179 0,00179 0,00179 0,00179 0,00179 0,00179 0,00179 0,00179 0,00179 0,00179 0,00179 0,00179 0,00179 0,00179 0,00179 0,00179 0,00179 0,00179 0,00179 0,00179 0,00179 0,00179 0,00179 0,00179 0,00179 0,00179 0,00179 0,45179 0,00179 0,00179 0,00179 0,00179 0,00179 
0,01786 0,01786 0,01786 0,01786 0,01786 0,01786 0,01786 0,01786 0,01786 0,01786 0,01786 0,01786 0,01786 0,01786 0,01786 0,01786 0,01786 0,01786 0,01786 0,01786 0,01786 0,01786 0,01786 0,01786 0,01786 0,01786 0,01786 0,01786 0,01786 0,01786 0,01786 0,01786 0,01786 0,01786 0,01786 0,01786 0,01786 0,01786 0,01786 0,01786 0,01786 0,01786 0,01786 0,01786 0,01786 0,01786 0,01786 0,01786 0,01786 0,01786 0,01786 0,01786 0,01786 0,01786 0,01786 0,01786 
0,00179 0,00179 0,00179 0,00179 0,22679 0,00179 0,00179 0,00179 0,00179 0,00179 0,00179 0,00179 0,22679 0,00179 0,00179 0,00179 0,00179 0,22679 0,00179 0,00179 0,00179 0,00179 0,00179 0,00179 0,00179 0,00179 0,00179 0,22679 0,00179 0,00179 0,00179 0,00179 0,00179 0,00179 0,00179 0,00179 0,00179 0,00179 0,00179 0,00179 0,00179 0,00179 0,00179 0,00179 0,00179 0,00179 0,00179 0,00179 0,00179 0,00179 0,00179 0,00179 0,00179 0,00179 0,00179 0,00179 
0,00179 0,00179 0,00179 0,00179 0,00179 0,45179 0,00179 0,00179 0,00179 0,00179 0,00179 0,00179 0,00179 0,00179 0,00179 0,00179 0,00179 0,45179 0,00179 0,00179 0,00179 0,00179 0,00179 0,00179 0,00179 0,00179 0,00179 0,00179 0,00179 0,00179 0,00179 0,00179 0,00179 0,00179 0,00179 0,00179 0,00179 0,00179 0,00179 0,00179 0,00179 0,00179 0,00179 0,00179 0,00179 0,00179 0,00179 0,00179 0,00179 0,00179 0,00179 0,00179 0,00179 0,00179 0,00179 0,00179 
0,00179 0,00179 0,00179 0,00179 0,00179 0,00179 0,00179 0,00179 0,00179 0,00179 0,00179 0,00179 0,00179 0,00179 0,00179 0,00179 0,00179 0,00179 0,00179 0,00179 0,00179 0,00179 0,00179 0,00179 0,00179 0,00179 0,00179 0,00179 0,00179 0,00179 0,00179 0,00179 0,00179 0,45179 0,00179 0,00179 0,00179 0,00179 0,00179 0,00179 0,00179 0,00179 0,00179 0,00179 0,00179 0,00179 0,00179 0,45179 0,00179 0,00179 0,00179 0,00179 0,00179 0,00179 0,00179 0,00179 
0,00179 0,00179 0,00179 0,00179 0,00179 0,00179 0,00179 0,00179 0,00179 0,00179 0,00179 0,00179 0,00179 0,00179 0,00179 0,00179 0,00179 0,00179 0,00179 0,00179 0,00179 0,00179 0,00179 0,00179 0,00179 0,00179 0,00179 0,00179 0,00179 0,90179 0,00179 0,00179 0,00179 0,00179 0,00179 0,00179 0,00179 0,00179 0,00179 0,00179 0,00179 0,00179 0,00179 0,00179 0,00179 0,00179 0,00179 0,00179 0,00179 0,00179 0,00179 0,00179 0,00179 0,00179 0,00179 0,00179 
0,01786 0,01786 0,01786 0,01786 0,01786 0,01786 0,01786 0,01786 0,01786 0,01786 0,01786 0,01786 0,01786 0,01786 0,01786 0,01786 0,01786 0,01786 0,01786 0,01786 0,01786 0,01786 0,01786 0,01786 0,01786 0,01786 0,01786 0,01786 0,01786 0,01786 0,01786 0,01786 0,01786 0,01786 0,01786 0,01786 0,01786 0,01786 0,01786 0,01786 0,01786 0,01786 0,01786 0,01786 0,01786 0,01786 0,01786 0,01786 0,01786 0,01786 0,01786 0,01786 0,01786 0,01786 0,01786 0,01786 
0,00179 0,00179 0,00179 0,00179 0,00179 0,00179 0,00179 0,00179 0,00179 0,00179 0,00179 0,00179 0,00179 0,00179 0,00179 0,00179 0,00179 0,00179 0,00179 0,00179 0,90179 0,00179 0,00179 0,00179 0,00179 0,00179 0,00179 0,00179 0,00179 0,00179 0,00179 0,00179 0,00179 0,00179 0,00179 0,00179 0,00179 0,00179 0,00179 0,00179 0,00179 0,00179 0,00179 0,00179 0,00179 0,00179 0,00179 0,00179 0,00179 0,00179 0,00179 0,00179 0,00179 0,00179 0,00179 0,00179 
0,00179 0,00179 0,00179 0,00179 0,22679 0,00179 0,00179 0,00179 0,00179 0,00179 0,00179 0,00179 0,00179 0,00179 0,00179 0,00179 0,00179 0,00179 0,00179 0,00179 0,22679 0,00179 0,22679 0,00179 0,00179 0,00179 0,00179 0,00179 0,00179 0,00179 0,00179 0,00179 0,00179 0,00179 0,00179 0,00179 0,00179 0,00179 0,00179 0,00179 0,00179 0,00179 0,00179 0,00179 0,00179 0,00179 0,00179 0,22679 0,00179 0,00179 0,00179 0,00179 0,00179 0,00179 0,00179 0,00179 
0,00179 0,00179 0,00179 0,00179 0,00179 0,00179 0,00179 0,00179 0,00179 0,00179 0,00179 0,00179 0,00179 0,00179 0,00179 0,00179 0,00179 0,00179 0,00179 0,00179 0,00179 0,00179 0,00179 0,00179 0,00179 0,00179 0,00179 0,00179 0,00179 0,00179 0,00179 0,00179 0,00179 0,00179 0,90179 0,00179 0,00179 0,00179 0,00179 0,00179 0,00179 0,00179 0,00179 0,00179 0,00179 0,00179 0,00179 0,00179 0,00179 0,00179 0,00179 0,00179 0,00179 0,00179 0,00179 0,00179 
0,00179 0,00179 0,00179 0,00179 0,00179 0,00179 0,00179 0,00179 0,00179 0,00179 0,00179 0,00179 0,00179 0,00179 0,00179 0,00179 0,00179 0,00179 0,00179 0,00179 0,00179 0,00179 0,00179 0,00179 0,00179 0,00179 0,00179 0,00179 0,00179 0,00179 0,00179 0,00179 0,00179 0,00179 0,00179 0,00179 0,00179 0,45179 0,00179 0,00179 0,45179 0,00179 0,00179 0,00179 0,00179 0,00179 0,00179 0,00179 0,00179 0,00179 0,00179 0,00179 0,00179 0,00179 0,00179 0,00179 
0,01786 0,01786 0,01786 0,01786 0,01786 0,01786 0,01786 0,01786 0,01786 0,01786 0,01786 0,01786 0,01786 0,01786 0,01786 0,01786 0,01786 0,01786 0,01786 0,01786 0,01786 0,01786 0,01786 0,01786 0,01786 0,01786 0,01786 0,01786 0,01786 0,01786 0,01786 0,01786 0,01786 0,01786 0,01786 0,01786 0,01786 0,01786 0,01786 0,01786 0,01786 0,01786 0,01786 0,01786 0,01786 0,01786 0,01786 0,01786 0,01786 0,01786 0,01786 0,01786 0,01786 0,01786 0,01786 0,01786 
0,01786 0,01786 0,01786 0,01786 0,01786 0,01786 0,01786 0,01786 0,01786 0,01786 0,01786 0,01786 0,01786 0,01786 0,01786 0,01786 0,01786 0,01786 0,01786 0,01786 0,01786 0,01786 0,01786 0,01786 0,01786 0,01786 0,01786 0,01786 0,01786 0,01786 0,01786 0,01786 0,01786 0,01786 0,01786 0,01786 0,01786 0,01786 0,01786 0,01786 0,01786 0,01786 0,01786 0,01786 0,01786 0,01786 0,01786 0,01786 0,01786 0,01786 0,01786 0,01786 0,01786 0,01786 0,01786 0,01786 
0,01786 0,01786 0,01786 0,01786 0,01786 0,01786 0,01786 0,01786 0,01786 0,01786 0,01786 0,01786 0,01786 0,01786 0,01786 0,01786 0,01786 0,01786 0,01786 0,01786 0,01786 0,01786 0,01786 0,01786 0,01786 0,01786 0,01786 0,01786 0,01786 0,01786 0,01786 0,01786 0,01786 0,01786 0,01786 0,01786 0,01786 0,01786 0,01786 0,01786 0,01786 0,01786 0,01786 0,01786 0,01786 0,01786 0,01786 0,01786 0,01786 0,01786 0,01786 0,01786 0,01786 0,01786 0,01786 0,01786 
0,00179 0,00179 0,00179 0,00179 0,18179 0,00179 0,00179 0,00179 0,00179 0,18179 0,00179 0,00179 0,00179 0,00179 0,00179 0,00179 0,00179 0,18179 0,00179 0,00179 0,00179 0,00179 0,18179 0,00179 0,00179 0,00179 0,00179 0,00179 0,00179 0,00179 0,00179 0,00179 0,00179 0,00179 0,00179 0,00179 0,00179 0,00179 0,18179 0,00179 0,00179 0,00179 0,00179 0,00179 0,00179 0,00179 0,00179 0,00179 0,00179 0,00179 0,00179 0,00179 0,00179 0,00179 0,00179 0,00179 
0,00179 0,00179 0,18179 0,00179 0,00179 0,00179 0,00179 0,00179 0,00179 0,00179 0,00179 0,00179 0,00179 0,00179 0,00179 0,00179 0,00179 0,00179 0,00179 0,00179 0,00179 0,00179 0,00179 0,00179 0,00179 0,00179 0,00179 0,18179 0,00179 0,00179 0,00179 0,00179 0,00179 0,00179 0,00179 0,00179 0,00179 0,00179 0,18179 0,18179 0,00179 0,00179 0,00179 0,00179 0,00179 0,00179 0,00179 0,18179 0,00179 0,00179 0,00179 0,00179 0,00179 0,00179 0,00179 0,00179 
0,18179 0,00179 0,00179 0,00179 0,00179 0,00179 0,00179 0,18179 0,00179 0,00179 0,00179 0,00179 0,00179 0,00179 0,00179 0,00179 0,00179 0,00179 0,00179 0,00179 0,00179 0,00179 0,00179 0,00179 0,00179 0,00179 0,00179 0,00179 0,18179 0,00179 0,00179 0,00179 0,00179 0,18179 0,00179 0,00179 0,00179 0,00179 0,00179 0,00179 0,00179 0,00179 0,00179 0,00179 0,00179 0,00179 0,00179 0,00179 0,00179 0,18179 0,00179 0,00179 0,00179 0,00179 0,00179 0,00179 
