330
0 209 0 252 0 265 
1 65 1 72 1 191 1 198 1 212 1 281 1 294 1 302 1 308 1 312 
2 51 2 246 2 261 2 304 2 309 2 313 
3 71 3 303 3 306 
4 123 4 212 4 306 
5 70 5 114 5 168 5 186 5 220 5 285 
6 209 6 211 6 219 6 271 6 288 6 294 
7 56 7 85 7 173 7 178 7 198 7 226 7 260 7 305 
8 43 8 243 8 293 8 313 
9 17 9 204 9 300 
10 15 10 55 10 313 
11 30 11 138 11 308 
12 310 
13 123 13 129 13 238 13 311 
14 53 14 218 14 246 14 267 14 304 14 313 
15 42 15 297 15 312 
16 9 16 12 
17 42 17 99 17 288 17 301 17 308 
18 14 18 305 18 310 
19 42 19 302 19 304 19 308 19 314 
20 142 20 307 
21 44 21 124 21 301 21 305 
22 231 22 311 22 314 
23 22 23 174 23 260 23 292 23 307 
24 89 24 141 24 144 24 147 24 281 24 287 24 301 24 301 
25 91 25 305 
26 51 26 108 26 165 26 302 26 305 26 306 
27 5 27 36 27 92 27 306 27 309 
28 59 28 120 28 277 28 304 
29 308 29 310 29 311 29 312 
30 11 30 111 30 118 30 151 30 174 30 302 30 305 30 306 30 314 
31 32 31 243 31 300 31 309 31 311 
32 22 32 42 32 148 32 225 32 283 
33 3 33 21 33 73 33 178 33 234 33 302 33 305 
34 286 34 307 34 309 34 310 34 313 34 314 
35 25 35 33 35 68 35 132 35 209 35 233 35 262 35 288 35 304 35 305 
36 23 36 87 36 303 36 311 
37 149 37 304 
38 80 38 219 38 301 
39 302 39 305 39 311 
40 107 40 110 40 168 40 217 40 300 40 313 
41 143 41 176 41 210 41 213 41 311 
42 26 42 189 42 301 42 303 42 308 
43 85 43 145 43 283 43 286 43 305 43 308 43 308 
44 302 44 314 
45 60 
46 15 46 45 46 54 46 233 46 243 46 247 
47 26 47 97 47 142 47 227 
48 25 48 144 48 214 48 300 48 311 48 313 
49 128 49 306 49 311 
50 29 50 182 50 251 50 264 50 301 50 302 
51 51 51 52 51 75 51 169 51 300 
52 22 52 122 52 149 52 150 52 310 
53 11 53 22 53 73 53 107 53 263 53 310 
54 205 54 223 54 298 54 302 
55 234 55 247 55 252 55 314 
56 83 56 83 56 181 56 190 56 233 56 304 56 305 
57 71 57 95 57 301 57 311 57 311 
58 4 58 91 58 109 58 229 58 284 
59 23 59 97 59 170 59 199 59 202 59 303 
60 101 60 145 60 188 60 264 60 309 
61 62 61 129 61 161 61 268 61 302 61 305 
62 33 62 119 62 303 62 303 62 305 62 307 62 312 62 314 
63 107 63 255 63 301 
64 16 64 23 64 177 64 287 64 300 
65 54 65 310 
66 13 66 25 66 72 66 191 66 302 66 308 66 310 
67 292 67 307 67 311 67 314 
68 10 68 254 68 308 
69 31 69 184 69 306 69 312 
70 38 70 41 70 170 70 302 
71 101 71 247 71 299 71 301 71 311 
72 301 72 303 72 304 72 306 72 307 72 311 
73 38 73 81 73 310 73 313 
74 187 74 264 74 294 74 301 74 302 74 303 74 307 
75 115 75 122 75 141 75 188 75 308 
76 5 76 42 76 309 76 310 
77 2 77 40 77 46 
78 19 78 153 78 190 78 228 78 304 
79 16 79 57 79 117 79 124 79 310 79 312 79 312 
80 64 80 120 80 156 80 301 80 309 
81 0 81 66 81 116 81 118 81 310 
82 283 
83 43 83 83 83 123 83 187 83 214 83 262 83 312 
84 121 
85 12 85 84 85 223 85 243 
86 90 86 168 86 168 86 303 
87 1 87 21 87 77 87 171 87 224 87 298 
88 312 88 313 
89 102 89 231 89 274 89 304 
90 41 90 152 
91 97 91 243 91 284 91 302 91 302 91 307 
92 98 92 188 92 303 92 306 92 307 92 314 
93 8 93 132 93 305 93 313 
94 51 94 252 94 286 94 313 
95 141 95 168 
96 35 96 112 96 270 96 307 
97 56 97 168 97 266 
98 58 98 185 98 300 98 304 98 310 
99 84 99 148 99 310 99 312 
100 138 100 268 100 299 
101 224 101 303 
102 6 102 83 102 117 102 307 
103 121 103 260 103 272 103 313 
104 138 104 217 104 243 104 291 104 303 
105 305 105 307 105 313 
106 114 106 114 106 171 106 271 106 304 106 306 
107 30 
108 55 108 101 108 126 108 131 108 206 108 302 
109 43 109 124 109 301 109 309 
110 155 110 314 110 314 
111 35 111 205 111 293 111 309 111 310 
112 65 112 172 112 194 112 216 112 240 112 300 112 301 112 304 112 305 
113 21 113 80 113 111 113 138 113 187 113 260 
114 186 114 226 114 300 114 309 
115 48 115 55 115 91 115 110 115 128 115 189 115 253 115 300 115 304 115 305 115 312 115 314 
116 66 116 85 116 98 116 149 116 301 
117 24 117 182 117 195 117 302 117 302 
118 97 118 121 118 248 118 289 118 306 118 314 
119 22 119 138 119 219 119 266 
120 57 120 205 120 300 120 306 
121 155 121 170 121 305 121 309 
122 55 122 67 
123 4 123 117 123 297 123 313 
124 32 124 312 
125 182 125 206 
126 58 126 99 126 282 126 300 126 308 
127 45 127 79 127 89 127 224 127 238 127 261 
128 92 128 153 128 311 
129 52 129 65 129 206 129 262 129 308 
130 1 
131 79 131 148 131 268 131 276 131 303 
132 65 132 241 132 276 132 301 132 306 
133 96 133 271 133 300 133 304 133 306 
134 14 134 35 134 47 134 87 134 118 134 124 134 137 134 289 134 300 134 301 
135 170 135 306 135 314 
136 50 136 53 
137 59 137 61 137 68 137 72 
138 12 138 20 138 113 138 285 138 303 138 309 
139 161 139 249 139 260 139 308 
140 19 
141 37 141 48 141 132 141 222 
142 30 142 40 142 59 142 78 142 106 142 186 142 234 142 237 142 253 142 308 
143 202 143 246 143 266 143 274 
144 62 144 77 144 79 144 223 144 302 
145 312 
146 101 146 277 146 303 146 305 146 309 
147 123 147 171 147 199 147 277 
148 200 148 230 148 303 
149 20 149 42 149 300 149 301 149 308 
150 29 150 304 
151 303 151 304 
152 82 152 166 152 255 152 307 152 308 
153 22 153 286 153 291 153 311 
154 194 154 290 
155 193 155 305 
156 41 156 127 156 250 156 306 
157 85 157 167 157 290 
158 47 158 124 158 195 158 277 158 306 158 306 
159 68 159 133 159 191 159 303 159 304 159 313 
160 257 
161 29 161 100 161 135 161 190 161 293 161 308 
162 34 162 65 162 116 162 203 162 217 162 312 
163 203 163 270 163 307 
164 169 164 238 164 305 
165 292 
166 75 166 158 166 245 166 291 166 309 
167 195 167 309 
168 300 168 306 
169 74 169 190 169 214 169 313 
170 70 170 82 170 96 170 144 170 180 170 200 170 305 
171 31 171 285 171 308 
172 167 172 305 172 308 
173 31 173 72 173 211 173 213 173 282 
174 108 174 158 174 160 174 300 174 307 
175 307 175 310 
176 28 176 35 176 54 
177 307 177 308 177 313 
178 18 178 49 178 77 178 111 
179 40 179 63 179 117 179 244 179 302 179 306 
180 37 180 111 180 219 180 307 180 312 
181 50 181 75 181 197 181 238 181 265 181 303 181 311 
182 90 182 126 182 238 182 300 182 306 182 309 182 310 182 311 
183 33 183 290 183 309 
184 21 184 108 184 130 184 192 184 305 
185 199 185 209 185 249 185 277 185 302 
186 31 186 77 186 88 186 308 
187 146 187 279 187 312 
188 69 188 128 188 177 188 242 188 277 188 308 
189 1 189 221 189 248 
190 303 190 309 190 311 
191 8 191 36 191 42 191 196 191 254 191 305 191 314 
192 54 192 293 192 295 192 310 192 310 
193 97 193 155 193 219 193 303 
194 5 194 34 194 98 194 191 194 287 
195 223 195 307 195 314 
197 7 197 58 197 83 197 109 197 234 197 259 197 297 197 308 
198 43 198 301 198 302 198 304 
199 249 199 257 
200 295 
201 48 201 269 
202 43 202 198 202 212 202 277 202 300 202 310 202 313 
203 148 203 262 203 306 203 314 
204 6 204 111 204 197 204 224 204 272 204 306 204 312 
205 137 205 176 205 205 205 245 205 290 
206 25 206 198 206 308 206 310 
207 92 207 305 207 309 
208 25 208 94 208 174 208 181 208 196 208 277 208 300 208 309 
209 9 209 31 209 216 209 225 209 300 209 312 
210 55 210 156 210 172 210 304 210 310 
211 3 211 77 211 304 
212 97 212 99 212 114 212 193 212 241 
213 8 213 16 213 145 213 247 213 282 213 305 213 308 213 309 
214 300 214 313 
215 35 215 36 215 163 
216 163 216 208 216 211 216 303 
217 155 217 171 217 307 
218 41 218 123 218 233 218 256 218 300 218 310 
219 171 
220 39 220 71 220 252 220 260 220 277 220 309 220 311 220 312 220 313 
221 117 221 262 
222 107 222 302 222 307 222 313 222 314 
223 52 223 91 223 112 223 140 223 160 223 304 
224 53 224 56 224 179 
225 20 225 194 225 313 
226 22 226 60 226 64 226 126 226 134 
227 133 227 156 227 307 
228 24 228 71 228 72 228 183 
229 47 229 62 229 67 229 81 229 143 229 209 229 302 
230 59 230 127 230 154 230 202 230 302 230 313 
231 130 231 175 231 300 231 301 231 309 
232 65 232 125 232 203 232 304 232 307 
233 78 233 311 
234 55 234 123 234 163 234 220 234 301 234 314 
235 68 235 264 235 311 
236 36 236 97 236 118 
237 42 237 83 237 140 237 253 237 314 
238 51 238 228 238 255 238 263 238 314 
239 45 239 89 239 261 239 312 
240 204 240 304 240 313 
241 2 241 50 241 107 241 184 241 309 241 312 
242 30 242 38 242 96 242 100 242 302 242 307 
243 104 243 125 243 173 243 184 243 304 243 307 243 312 
244 10 244 62 244 201 244 314 
245 18 245 252 245 311 245 312 
246 112 246 138 246 152 246 184 246 314 
247 135 247 205 247 214 247 256 247 300 247 312 
248 99 248 184 248 202 248 303 248 312 
249 86 249 304 249 304 
250 12 250 31 250 33 250 54 250 80 250 259 250 307 250 310 
251 117 251 248 251 248 251 303 251 309 251 313 
252 8 252 77 252 101 252 104 252 206 
253 301 
254 54 254 300 
255 33 255 66 255 180 255 199 255 306 
256 13 256 49 256 193 256 242 
257 130 257 234 257 267 257 314 
258 99 258 151 258 265 
259 101 259 113 259 221 259 231 259 314 
260 166 260 242 260 304 260 306 260 312 
261 18 261 169 261 252 261 302 
262 54 262 107 262 301 262 310 
263 35 263 105 263 172 263 202 263 249 263 306 263 313 
264 55 264 89 264 100 264 219 264 307 264 310 264 312 
265 134 265 203 265 218 265 254 265 296 265 306 265 306 
266 6 266 92 266 206 266 267 266 277 266 297 266 301 266 309 
267 38 267 56 267 301 267 310 
268 62 268 127 268 128 268 201 268 311 
269 136 269 216 269 296 269 306 269 313 
270 225 270 281 270 312 270 314 
271 147 271 167 271 312 271 313 
272 94 272 140 272 162 272 174 272 261 272 303 
273 70 273 265 273 310 
274 118 274 130 274 263 
275 21 275 145 275 147 275 159 275 300 275 301 275 309 275 314 
276 11 276 62 276 302 276 303 276 304 276 309 
277 39 277 107 
278 34 278 59 278 110 278 314 
279 8 279 123 279 300 279 302 
280 302 280 307 280 309 
281 18 281 279 281 307 
282 157 282 158 282 242 282 246 282 279 282 303 282 310 282 311 
283 4 283 306 
284 73 284 93 284 123 284 313 284 313 
285 18 285 18 285 42 285 87 285 303 285 308 285 308 
286 57 286 148 286 226 286 301 286 305 286 308 286 311 286 314 286 314 
287 114 287 276 287 303 
288 35 288 102 288 112 288 160 288 176 288 300 288 312 
289 128 289 141 289 310 289 311 
290 30 290 110 290 135 290 215 290 268 290 276 
291 95 291 153 291 215 291 301 
292 82 292 194 292 231 292 290 
293 80 293 97 293 149 293 216 293 304 293 309 293 311 
294 130 294 235 294 308 
295 23 295 70 295 155 295 162 295 307 295 311 
296 124 296 300 296 301 296 305 
297 155 297 170 297 186 297 190 297 210 297 245 297 303 
298 136 298 296 298 305 
299 11 299 75 299 89 299 125 299 141 299 311 
315 17 315 33 315 50 315 69 315 76 315 78 315 97 315 106 315 112 315 114 315 121 315 125 315 136 315 137 315 143 315 154 315 166 315 172 315 230 315 254 315 268 315 270 315 273 315 276 315 278 315 280 315 280 315 283 315 284 315 299 
316 8 316 15 316 24 316 27 316 29 316 30 316 32 316 42 316 61 316 62 316 85 316 132 316 147 316 147 316 151 316 172 316 188 316 189 316 192 316 207 316 209 316 212 316 217 316 227 316 234 316 246 316 265 316 276 316 284 316 289 
317 4 317 9 317 21 317 32 317 44 317 53 317 76 317 92 317 118 317 122 317 128 317 132 317 141 317 159 317 165 317 168 317 170 317 185 317 188 317 196 317 215 317 223 317 225 317 228 317 245 317 263 317 268 317 288 317 294 317 295 
318 23 318 40 318 41 318 54 318 64 318 72 318 73 318 85 318 89 318 89 318 99 318 102 318 120 318 123 318 124 318 148 318 153 318 155 318 163 318 171 318 184 318 192 318 193 318 214 318 214 318 219 318 240 318 240 318 247 318 288 
319 2 319 10 319 15 319 27 319 30 319 34 319 38 319 46 319 51 319 53 319 54 319 65 319 75 319 77 319 89 319 103 319 126 319 149 319 157 319 161 319 165 319 172 319 198 319 200 319 219 319 227 319 238 319 259 319 259 319 289 
320 12 320 29 320 32 320 33 320 47 320 47 320 71 320 71 320 85 320 101 320 121 320 137 320 144 320 145 320 150 320 159 320 179 320 183 320 193 320 198 320 202 320 207 320 214 320 225 320 241 320 256 320 261 320 268 320 290 320 296 
321 26 321 52 321 54 321 72 321 87 321 90 321 112 321 151 321 167 321 171 321 180 321 185 321 189 321 190 321 206 321 206 321 213 321 218 321 219 321 232 321 232 321 237 321 251 321 261 321 264 321 271 321 273 321 284 321 288 321 290 
322 7 322 60 322 64 322 64 322 71 322 72 322 80 322 99 322 137 322 147 322 163 322 163 322 179 322 185 322 188 322 213 322 217 322 220 322 229 322 241 322 243 322 256 322 271 322 276 322 276 322 278 322 280 322 291 322 295 322 299 
323 4 323 6 323 23 323 53 323 58 323 58 323 62 323 65 323 88 323 101 323 108 323 114 323 130 323 130 323 157 323 163 323 179 323 180 323 199 323 208 323 211 323 215 323 222 323 222 323 226 323 240 323 257 323 271 323 289 323 297 
324 6 324 30 324 37 324 40 324 48 324 53 324 91 324 99 324 99 324 106 324 108 324 110 324 126 324 147 324 159 324 170 324 177 324 199 324 213 324 241 324 241 324 253 324 263 324 272 324 279 324 280 324 285 324 293 324 295 324 299 
325 27 325 34 325 81 325 90 325 91 325 93 325 93 325 96 325 110 325 127 325 162 325 162 325 166 325 167 325 177 325 186 325 186 325 193 325 220 325 222 325 228 325 237 325 239 325 248 325 267 325 274 325 278 325 278 325 290 325 297 
326 2 326 5 326 11 326 18 326 19 326 20 326 27 326 34 326 35 326 68 326 92 326 96 326 113 326 124 326 128 326 133 326 134 326 138 326 158 326 176 326 184 326 217 326 228 326 264 326 269 326 278 326 282 326 287 326 290 326 290 
327 6 327 23 327 33 327 33 327 48 327 70 327 71 327 96 327 100 327 122 327 123 327 132 327 133 327 145 327 146 327 149 327 149 327 159 327 168 327 187 327 198 327 198 327 199 327 200 327 205 327 220 327 221 327 226 327 266 327 287 
328 4 328 23 328 29 328 46 328 71 328 81 328 84 328 104 328 115 328 120 328 120 328 129 328 142 328 148 328 153 328 164 328 169 328 206 328 214 328 215 328 221 328 225 328 228 328 230 328 248 328 256 328 267 328 274 328 298 328 299 
329 3 329 15 329 24 329 27 329 38 329 39 329 57 329 74 329 76 329 79 329 105 329 120 329 134 329 139 329 141 329 145 329 153 329 165 329 177 329 184 329 188 329 188 329 193 329 207 329 234 329 239 329 248 329 252 329 259 329 288 
