10
1 2  
2 0  2 3  2 3  2 4  2 7  2 9  
3 0  3 8  
4 0  4 0  4 1  4 4  4 8  
5 1  5 2  5 5  5 6  
6 4  6 5  6 9  
7 5  7 7  7 9  
8 1  8 7  8 7  8 9  
9 4  9 6  
------------
10 10
0.01000 0.31000 0.31000 0.01000 0.01000 0.01000 0.01000 0.31000 0.01000 0.01000 
0.01000 0.01000 0.01000 0.01000 0.01000 0.46000 0.01000 0.46000 0.01000 0.01000 
0.01000 0.01000 0.01000 0.23500 0.23500 0.01000 0.01000 0.23500 0.23500 0.01000 
0.01000 0.01000 0.01000 0.01000 0.01000 0.91000 0.01000 0.01000 0.01000 0.01000 
0.31000 0.01000 0.01000 0.01000 0.01000 0.31000 0.31000 0.01000 0.01000 0.01000 
0.01000 0.01000 0.01000 0.01000 0.91000 0.01000 0.01000 0.01000 0.01000 0.01000 
0.01000 0.01000 0.01000 0.16000 0.01000 0.01000 0.16000 0.31000 0.31000 0.01000 
0.01000 0.91000 0.01000 0.01000 0.01000 0.01000 0.01000 0.01000 0.01000 0.01000 
0.01000 0.01000 0.16000 0.01000 0.31000 0.01000 0.16000 0.16000 0.01000 0.16000 
0.01000 0.01000 0.01000 0.01000 0.46000 0.01000 0.01000 0.46000 0.01000 0.01000 
------------
 0.13373 0.03321 0.07539 0.07334 0.08948 0.16759 0.29767 0.04664 0.03924 0.04372
