10
0 4  0 6  0 8  
1 2  1 2  1 3  1 6  
2 1  2 1  2 6  2 7  2 8  2 9  2 9  
3 1  3 1  3 2  
4 0  4 3  4 4  4 7  
5 8  
6 5  6 9  
7 0  7 1  
8 2  8 5  8 9  
9 3  
------------
10 10
0.01000 0.16000 0.31000 0.01000 0.16000 0.16000 0.01000 0.01000 0.01000 0.16000 
0.19000 0.01000 0.19000 0.37000 0.19000 0.01000 0.01000 0.01000 0.01000 0.01000 
0.01000 0.01000 0.19000 0.55000 0.01000 0.01000 0.01000 0.19000 0.01000 0.01000 
0.10000 0.10000 0.10000 0.10000 0.10000 0.10000 0.10000 0.10000 0.10000 0.10000 
0.01000 0.01000 0.61000 0.31000 0.01000 0.01000 0.01000 0.01000 0.01000 0.01000 
0.01000 0.01000 0.01000 0.01000 0.91000 0.01000 0.01000 0.01000 0.01000 0.01000 
0.01000 0.01000 0.01000 0.01000 0.01000 0.46000 0.01000 0.01000 0.46000 0.01000 
0.23500 0.23500 0.01000 0.01000 0.01000 0.23500 0.01000 0.01000 0.23500 0.01000 
0.23500 0.46000 0.01000 0.01000 0.23500 0.01000 0.01000 0.01000 0.01000 0.01000 
0.01000 0.91000 0.01000 0.01000 0.01000 0.01000 0.01000 0.01000 0.01000 0.01000 
------------
 0.06415 0.17305 0.17654 0.12175 0.06049 0.13098 0.03269 0.03283 0.11551 0.09202
