330
0 168 0 306 0 307 
1 212 1 300 1 302 1 302 1 304 
2 25 2 212 2 219 2 300 2 301 2 306 
3 20 3 23 3 54 3 103 3 269 3 301 3 309 3 310 3 310 
4 186 4 199 4 251 4 266 4 310 
5 58 5 147 5 176 5 198 5 277 
6 101 6 219 
7 46 7 62 7 127 7 156 7 257 
8 127 8 282 8 284 8 304 
9 41 9 252 9 303 9 306 
10 41 10 167 10 222 
11 41 11 89 11 209 11 303 11 309 11 314 
12 283 12 308 12 312 
13 66 13 247 13 254 13 304 
14 118 14 254 14 272 14 297 14 300 14 301 
15 121 15 245 15 283 15 284 15 309 15 310 
16 237 16 303 16 306 16 314 16 314 
17 88 17 174 17 232 17 242 17 301 17 301 
18 210 18 215 18 303 
19 78 19 80 19 81 19 230 19 304 19 308 
20 2 20 234 20 271 
21 37 21 307 
22 99 22 164 22 217 22 305 
23 122 23 148 23 207 23 303 23 312 23 312 23 314 
24 170 24 247 24 307 
25 114 25 228 25 236 25 290 25 302 25 303 25 312 
26 61 26 65 26 65 26 80 26 102 26 165 26 175 26 184 26 309 
27 57 27 121 27 231 27 312 
28 10 28 84 28 219 28 280 28 301 28 305 28 312 28 313 
29 96 29 181 29 303 29 308 
30 288 30 297 30 306 30 310 30 311 
31 201 31 276 
32 178 32 304 
33 149 33 304 33 309 
34 68 34 95 34 136 34 304 34 309 
35 31 35 105 35 201 35 261 35 269 
36 1 36 36 36 48 36 84 36 133 36 197 36 210 36 301 
37 66 37 83 37 101 37 269 37 309 
38 70 38 139 38 225 38 268 
39 13 39 118 39 147 39 147 39 307 39 307 39 310 39 314 
40 185 40 218 40 275 40 285 40 300 40 308 
41 150 41 178 41 226 41 265 41 282 41 313 
42 108 42 152 42 310 42 311 
43 19 43 88 43 194 43 235 43 300 43 301 43 302 43 305 43 314 
44 266 44 308 
45 126 45 294 45 308 45 309 
46 91 
47 175 47 306 

49 82 49 213 49 240 49 266 49 285 49 314 
50 69 50 234 50 285 
51 17 51 209 51 290 
52 25 52 62 52 69 52 305 
53 50 53 99 53 110 53 298 53 300 
54 251 54 265 54 279 54 307 
55 33 55 311 
56 45 56 213 56 309 56 313 
57 16 57 62 57 69 57 216 57 283 57 301 
58 60 58 148 58 162 58 302 
59 169 59 281 59 302 
60 252 60 292 60 305 60 309 
61 13 61 18 61 19 61 139 61 166 61 262 61 305 61 306 
62 111 62 208 62 252 62 300 
63 30 63 138 63 255 63 305 63 309 
64 1 64 44 64 71 64 281 
65 313 
66 79 
67 158 67 228 67 274 
68 303 68 310 
69 42 69 74 69 274 
70 77 70 167 70 182 70 188 70 301 
71 11 71 15 71 17 71 20 71 312 71 314 
72 20 72 39 72 259 72 309 
73 63 73 287 
74 38 74 147 74 180 74 265 74 268 74 301 74 302 74 305 74 313 
75 303 75 313 
76 192 76 209 76 283 76 300 
77 84 77 215 77 229 77 311 
78 34 78 66 78 99 78 118 78 158 78 237 78 306 
79 123 79 170 79 172 79 216 79 258 
80 86 80 303 80 308 80 312 
81 67 81 308 81 313 
82 161 82 205 82 240 82 301 82 313 82 313 
83 243 
84 163 
85 80 85 81 85 84 85 100 85 109 85 144 85 267 85 312 85 314 
86 29 86 77 86 100 86 293 86 312 
87 31 87 306 87 312 
88 305 
89 9 89 72 89 192 
90 177 90 227 90 302 90 302 90 303 90 311 
91 71 91 122 91 124 91 180 
92 176 92 239 92 301 92 307 92 310 
93 89 93 166 93 259 93 301 93 304 93 314 
94 0 94 10 94 224 94 263 94 313 94 314 
95 79 
96 19 96 80 96 82 96 104 96 210 96 305 96 313 
97 17 97 258 97 304 97 306 
98 101 98 187 98 204 
99 35 99 310 
100 140 100 182 100 296 100 314 
101 72 101 305 101 313 101 314 
102 19 102 177 102 310 102 313 
103 47 103 128 103 237 103 314 
104 61 104 88 104 179 104 230 104 310 
105 45 105 178 105 196 105 262 105 306 
106 11 106 126 106 280 106 301 106 308 
107 12 107 84 107 93 107 167 107 305 
108 131 108 185 108 253 108 275 108 303 
109 50 109 157 109 300 109 310 
110 14 110 27 110 35 110 73 110 115 110 167 110 204 
111 168 111 303 
112 302 112 311 
113 119 113 194 113 201 113 294 113 311 
114 137 
115 57 115 125 
116 2 116 121 
117 1 117 18 117 37 117 284 117 303 117 304 
118 117 118 206 118 206 118 304 118 307 118 308 118 310 
119 131 119 131 
120 59 120 159 120 208 
121 97 121 114 121 120 121 197 121 305 121 305 121 307 
122 134 122 138 122 302 122 308 
123 275 123 313 
124 63 124 301 

126 14 126 277 126 311 
127 0 127 104 127 130 127 151 127 168 127 255 127 306 127 306 
128 7 128 92 128 119 128 308 
129 236 
130 189 130 200 130 292 130 313 130 313 
131 78 131 293 131 304 131 306 131 312 131 313 
132 59 132 65 132 102 132 120 132 305 
133 137 133 181 133 241 133 306 133 312 
134 30 134 51 134 66 134 177 134 307 
135 123 135 160 135 184 135 186 135 300 135 309 
136 183 
137 257 137 294 137 308 137 313 
138 120 138 312 
139 18 139 201 139 202 139 223 139 276 139 298 139 307 
140 89 140 106 140 194 140 206 140 209 
141 87 141 93 141 180 141 197 141 217 141 226 141 287 141 305 
142 151 142 163 142 240 142 282 
143 90 143 159 143 309 143 310 143 311 
144 232 144 300 144 311 144 313 
145 96 145 311 145 313 
146 54 146 195 146 198 146 222 146 310 
147 127 147 134 147 136 147 305 147 309 147 309 
148 244 148 253 148 307 
149 83 149 280 
150 28 150 142 150 305 150 305 150 308 
151 197 151 203 151 237 151 303 151 311 
152 80 152 175 152 217 152 270 152 303 152 309 152 310 152 314 
153 135 153 195 153 258 153 311 153 313 
154 42 154 300 154 301 154 307 
155 141 155 233 155 239 155 255 155 311 155 313 
156 9 156 33 156 71 156 144 156 178 156 178 156 300 156 301 156 307 156 311 156 312 156 313 
157 161 157 310 157 311 157 311 
158 183 158 187 158 214 158 214 158 225 158 229 158 296 158 302 158 306 
159 174 159 308 

161 124 161 141 161 147 161 171 161 203 161 258 161 289 
162 104 162 117 162 185 162 237 162 302 162 303 162 305 
163 6 163 136 163 169 163 294 163 310 
164 49 164 53 164 78 164 88 164 212 164 225 164 236 164 304 164 312 
165 305 165 309 165 313 
166 303 166 307 
167 198 167 308 
168 50 168 60 168 62 168 93 168 155 168 280 168 285 168 304 168 304 168 309 
169 32 169 38 169 56 169 102 169 119 169 125 169 206 169 270 169 301 169 302 169 302 169 307 169 312 169 314 
170 300 170 306 
171 15 171 95 171 108 171 145 171 198 171 256 171 314 
172 5 172 147 172 192 
173 221 173 271 
174 190 174 212 174 306 
175 57 175 64 175 178 175 262 175 304 175 306 175 306 175 309 
176 2 176 300 176 301 
177 122 177 166 
178 128 178 306 
179 165 179 205 179 294 179 300 179 307 179 307 179 312 
180 67 180 131 180 167 180 200 180 240 180 306 180 310 
181 11 181 55 181 89 181 119 181 175 181 263 181 301 181 304 181 314 181 314 
182 95 182 157 182 286 182 300 182 300 
183 231 183 305 183 308 
184 302 
185 2 185 221 185 304 
186 186 186 196 186 209 186 225 186 245 186 281 186 300 
187 78 187 170 187 177 187 257 187 265 
188 77 188 138 188 257 188 279 
189 287 
190 33 190 105 190 128 190 153 190 164 190 181 190 284 
191 7 191 89 191 251 191 261 191 300 
192 21 192 86 192 92 192 169 192 280 192 310 
193 55 193 77 193 174 193 311 193 312 
194 64 
195 171 195 307 
196 254 196 304 
197 24 197 82 
198 174 198 255 198 293 198 303 
199 21 199 79 199 102 199 107 199 247 199 260 199 311 199 314 

201 272 201 284 201 302 201 309 
202 25 202 50 202 89 202 93 202 106 202 139 202 140 202 178 
203 149 203 291 203 308 203 310 
204 14 204 40 204 101 204 105 204 219 204 220 204 238 204 302 204 305 204 306 204 311 
205 0 205 217 205 312 
206 134 206 197 206 254 206 272 206 311 
207 55 207 305 
208 17 208 70 208 96 208 307 208 309 208 313 
209 90 209 203 209 303 209 309 
210 92 210 138 210 167 210 213 210 258 210 283 210 300 210 309 
211 119 211 273 211 302 
212 45 212 115 212 126 212 176 212 281 212 302 
213 94 213 228 213 257 213 291 213 302 213 312 
214 45 214 265 214 309 
215 143 215 173 215 241 215 304 
216 16 216 303 216 304 
217 146 217 196 217 300 
218 92 218 163 218 183 218 308 218 309 
219 89 219 278 219 300 219 307 
220 30 220 92 220 109 220 135 220 153 220 302 220 304 220 310 220 311 
221 60 221 297 221 303 
222 27 222 45 222 101 222 108 222 300 
223 70 223 151 
224 44 224 62 224 279 
225 50 225 66 225 94 
226 32 226 59 226 305 226 309 226 313 226 313 
227 8 227 19 227 99 227 192 227 233 227 294 227 297 227 302 227 304 227 305 
228 14 228 14 228 24 228 30 228 265 228 307 
229 15 229 25 229 30 229 191 229 245 229 291 
230 130 230 177 230 287 230 288 
231 249 
232 68 232 151 232 290 232 312 232 313 
233 71 233 80 233 206 233 303 233 306 
234 95 234 287 234 302 
235 21 235 154 235 310 
236 6 236 39 236 311 
237 120 237 178 237 312 
238 76 238 155 238 310 
239 23 239 38 239 109 239 118 239 126 239 242 239 246 239 265 239 301 239 306 239 308 239 310 239 314 
240 281 240 300 240 307 240 312 
241 60 241 145 241 255 241 287 241 302 
242 301 242 307 242 314 

244 162 244 166 244 309 
245 139 245 166 245 208 245 305 245 308 245 314 
246 42 246 69 246 160 246 250 246 252 246 255 246 293 246 310 246 311 
247 19 247 125 247 313 
248 146 248 180 248 302 248 308 248 312 
249 58 249 206 249 209 249 311 
250 11 250 95 250 112 250 201 250 212 250 311 250 314 
251 15 251 62 251 141 251 163 251 182 251 276 251 300 
252 28 252 140 252 281 252 299 252 310 
253 25 253 42 253 301 
254 173 254 225 254 245 254 307 254 312 
255 10 255 197 255 216 255 302 
256 218 256 300 256 312 
257 1 257 17 257 108 257 306 
258 306 258 314 
259 22 259 27 259 120 259 143 259 146 259 179 259 243 259 263 259 302 
260 271 260 303 260 308 260 311 260 312 
261 75 261 127 261 207 261 308 
262 114 262 269 
263 94 263 304 263 310 
264 141 264 234 264 287 264 301 264 304 
265 3 265 141 265 147 265 303 265 308 265 311 
266 23 266 49 266 192 
267 14 267 130 267 137 267 208 267 219 267 241 267 307 267 308 
268 17 268 171 268 230 268 303 268 304 268 306 268 307 
269 127 269 308 
270 125 270 133 270 235 270 243 
271 5 271 303 271 304 271 308 271 314 
272 76 272 135 272 185 272 189 272 261 272 274 272 284 272 308 
273 144 273 187 273 213 
274 35 274 109 274 300 274 300 274 301 
275 314 
276 15 276 97 276 213 276 259 
277 73 277 76 277 134 277 307 
278 102 278 301 
279 1 279 38 279 288 
280 1 280 90 280 98 280 139 280 163 280 189 280 257 280 260 280 314 
281 14 281 18 281 48 281 92 281 180 281 304 281 311 
282 14 282 141 282 164 282 222 282 263 
283 52 283 56 283 159 283 312 283 314 

285 28 285 224 285 251 285 302 
286 16 286 79 286 121 286 305 
287 61 287 106 287 147 287 195 287 213 287 214 287 282 287 302 
288 21 288 58 288 282 288 301 288 314 
289 2 289 20 289 50 289 52 289 115 289 255 289 303 289 304 289 306 289 307 289 310 289 312 
290 46 290 47 290 49 290 61 290 150 290 155 290 305 
291 106 291 165 291 256 291 306 291 307 291 308 
292 9 292 151 292 301 292 304 292 305 292 313 
293 99 293 309 
294 10 294 75 294 179 
295 36 295 182 295 300 295 301 295 303 295 311 
296 31 296 65 296 158 296 239 
297 247 297 265 297 309 
298 104 298 303 
299 30 299 134 















315 0 315 14 315 15 315 45 315 60 315 71 315 72 315 89 315 90 315 98 315 119 315 128 315 155 315 157 315 159 315 183 315 184 315 186 315 187 315 199 315 216 315 232 315 233 315 237 315 239 315 239 315 255 315 260 315 262 315 266 
316 2 316 17 316 19 316 23 316 42 316 46 316 85 316 87 316 89 316 95 316 96 316 99 316 102 316 118 316 123 316 125 316 131 316 141 316 151 316 159 316 176 316 184 316 192 316 197 316 226 316 232 316 239 316 249 316 262 316 270 
317 1 317 10 317 10 317 12 317 47 317 48 317 55 317 57 317 59 317 70 317 73 317 78 317 90 317 112 317 126 317 128 317 129 317 179 317 179 317 194 317 210 317 213 317 221 317 226 317 243 317 244 317 262 317 265 317 270 317 298 
318 43 318 60 318 69 318 76 318 77 318 79 318 83 318 85 318 87 318 87 318 88 318 90 318 97 318 138 318 148 318 155 318 164 318 170 318 172 318 187 318 188 318 195 318 197 318 209 318 213 318 216 318 234 318 245 318 252 318 289 
319 14 319 17 319 17 319 21 319 35 319 54 319 61 319 62 319 68 319 96 319 97 319 104 319 115 319 117 319 146 319 162 319 174 319 202 319 233 319 240 319 241 319 243 319 249 319 252 319 256 319 261 319 276 319 280 319 282 319 297 
320 9 320 19 320 30 320 34 320 40 320 40 320 48 320 56 320 60 320 69 320 93 320 96 320 105 320 119 320 120 320 126 320 136 320 172 320 178 320 187 320 189 320 203 320 207 320 214 320 233 320 264 320 287 320 288 320 293 320 296 
321 1 321 8 321 38 321 43 321 59 321 66 321 78 321 80 321 116 321 120 321 127 321 141 321 145 321 146 321 153 321 170 321 176 321 181 321 207 321 207 321 210 321 215 321 218 321 224 321 226 321 266 321 280 321 289 321 291 321 295 
322 3 322 7 322 12 322 21 322 30 322 34 322 43 322 54 322 65 322 73 322 77 322 79 322 79 322 102 322 139 322 154 322 157 322 162 322 188 322 189 322 189 322 213 322 215 322 217 322 239 322 244 322 272 322 276 322 277 322 286 
323 23 323 24 323 62 323 70 323 73 323 75 323 76 323 80 323 117 323 138 323 141 323 142 323 148 323 171 323 188 323 196 323 199 323 202 323 225 323 226 323 233 323 239 323 245 323 274 323 276 323 282 323 290 323 290 323 294 323 297 
324 4 324 46 324 55 324 78 324 100 324 105 324 107 324 110 324 115 324 120 324 124 324 131 324 132 324 134 324 162 324 166 324 182 324 191 324 195 324 205 324 207 324 215 324 236 324 253 324 257 324 263 324 281 324 289 324 293 324 295 
325 4 325 20 325 23 325 51 325 51 325 55 325 55 325 68 325 83 325 85 325 109 325 125 325 134 325 134 325 154 325 167 325 168 325 173 325 197 325 213 325 218 325 228 325 231 325 241 325 250 325 279 325 282 325 287 325 296 325 298 
326 12 326 14 326 43 326 52 326 61 326 74 326 83 326 99 326 118 326 133 326 135 326 137 326 145 326 146 326 163 326 172 326 185 326 189 326 192 326 202 326 206 326 210 326 214 326 217 326 238 326 266 326 267 326 268 326 268 326 279 
327 2 327 8 327 19 327 21 327 72 327 74 327 75 327 81 327 82 327 92 327 93 327 105 327 111 327 119 327 125 327 142 327 153 327 156 327 171 327 197 327 203 327 221 327 226 327 247 327 270 327 284 327 288 327 295 327 297 327 297 
328 6 328 10 328 50 328 51 328 51 328 59 328 59 328 66 328 71 328 101 328 117 328 123 328 125 328 127 328 140 328 152 328 155 328 159 328 164 328 164 328 177 328 207 328 209 328 225 328 235 328 246 328 251 328 275 328 284 328 289 
329 0 329 14 329 15 329 48 329 49 329 51 329 60 329 67 329 75 329 75 329 81 329 138 329 145 329 163 329 168 329 175 329 181 329 182 329 185 329 187 329 198 329 217 329 223 329 227 329 257 329 257 329 262 329 283 329 285 329 298 
