330
200 42
135 107
34 119
143 40
251 239
20 98
33 26
11 296
18 160
215 135
24 170
4 77
18 30
271 129
47 153
184 248
265 17
32 163
115 116
295 19
44 16
113 102
30 144
133 259
150 127
46 154
143 152
126 226
195 119
38 19
131 32
181 96
278 182
19 226
161 61
176 247
130 13
244 147
170 260
290 125
29 31
21 82
140 90
193 278
147 93
242 207
295 90
167 44
0 186
154 240
255 180
292 173
61 166
18 104
271 58
245 65
270 216
211 30
105 187
55 66
91 261
203 173
203 213
146 41
10 128
192 224
258 252
241 119
237 62
122 160
50 66
284 151
66 121
257 116
32 199
81 93
249 75
108 221
70 0
269 266
168 114
171 292
178 13
169 132
291 30
213 92
219 257
190 96
64 127
182 38
34 126
135 83
239 122
282 95
269 143
274 223
34 97
119 182
3 52
59 65
286 242
215 277
261 78
191 135
100 22
251 50
10 281
189 33
253 235
128 79
296 35
24 77
157 132
9 139
0 123
107 180
83 69
83 233
38 149
275 225
86 121
143 94
25 214
227 290
213 18
263 181
151 54
71 276
76 17
41 236
98 192
296 229
196 8
193 41
112 94
21 105
95 121
239 167
4 151
246 31
81 290
70 40
285 90
63 234
235 197
22 227
22 66
60 71
55 179
90 269
104 125
171 63
10 70
146 61
105 223
12 135
228 248
298 130
156 297
12 17
231 251
69 193
253 21
222 118
243 21
10 233
173 2
92 168
111 163
41 288
236 294
174 91
210 248
115 129
90 285
282 153
94 196
9 130
210 269
134 255
13 7
8 260
61 282
128 107
182 237
232 264
247 168
65 1
156 5
63 186
127 197
265 165
26 228
54 262
43 214
264 189
116 140
221 240
278 263
223 81
8 28
154 85
296 9
227 276
169 256
145 161
249 14
185 289
215 263
230 212
110 140
292 28
56 41
84 228
61 223
61 29
284 247
27 215
212 154
262 170
133 248
263 98
154 294
38 94
239 188
114 190
1 156
190 253
229 98
226 27
190 201
115 31
170 111
104 69
227 37
204 103
25 246
177 233
212 3
16 47
36 199
189 143
52 161
294 88
104 15
58 151
152 293
187 8
7 92
217 97
293 64
235 287
295 298
156 234
1 171
115 276
122 246
60 66
69 71
252 132
112 175
21 174
269 72
158 239
134 25
73 169
33 86
205 35
53 24
36 273
57 236
119 86
295 23
226 33
158 114
288 249
77 103
154 141
299 108
156 193
51 175
152 219
120 223
0 7
115 79
192 274
82 121
281 117
97 259
113 38
8 78
26 295
247 286
218 264
219 211
45 209
242 117
207 265
294 212
66 9
199 180
49 104
150 94
263 199
27 165
177 238
251 103
126 27
63 106
260 267
128 171
297 199
60 240
46 272
243 115
289 79
203 290
114 293
162 112
242 262
209 262
259 37
75 50
188 181
284 52
217 14
136 250
161 252
192 88
32 272
243 86
156 61
270 246
0 23
78 49
62 190
72 286
46 55
39 17
224 187
62 79
261 249
197 219
27 207
54 89
218 265
1 275
250 118
181 28
114 75
178 63
260 18
151 212
219 28
8 94
82 167
102 293
243 276
20 283
144 225
67 178
287 255
54 56
73 58
31 60
197 86
85 181
230 182
202 5
278 108
14 16
103 145
227 239
279 267
49 20
73 233
197 192
100 298
230 132
16 270
252 225
16 242
48 191
209 275
233 1
154 299
229 235
65 264
141 24
210 89
8 292
184 119
206 270
8 189
1 267
15 21
264 111
12 291
93 174
176 257
43 215
72 205
160 177
292 36
113 40
64 204
85 59
96 138
173 164
118 114
62 261
148 199
100 4
264 118
259 231
110 237
220 151
33 49
213 252
110 101
46 24
170 254
5 188
72 268
201 239
3 62
67 260
174 186
102 105
46 85
254 178
24 293
11 195
172 90
92 20
21 163
266 291
244 250
207 201
121 59
98 162
142 65
276 151
183 188
178 74
225 47
204 165
86 62
254 237
191 48
55 38
238 98
90 68
127 236
43 104
137 218
135 141
209 11
96 262
228 2
119 148
187 33
247 274
217 43
147 221
96 87
124 131
172 271
242 32
53 211
34 163
28 250
88 59
209 200
291 189
80 275
154 103
227 79
110 87
72 44
118 18
144 266
94 221
204 129
42 34
231 217
250 24
73 69
251 184
18 47
109 200
276 19
255 286
224 189
29 42
228 46
72 53
211 190
106 10
292 196
101 267
229 148
233 237
252 74
230 257
140 289
130 171
243 194
41 257
299 18
148 106
216 139
269 101
29 44
254 136
63 56
271 34
51 72
170 121
278 201
138 266
55 2
3 246
42 92
121 65
93 179
103 6
188 73
201 239
58 177
131 221
206 190
142 208
36 55
48 271
178 115
10 62
75 70
138 217
11 94
23 198
92 48
39 172
253 115
279 7
166 288
110 267
283 153
116 164
254 180
190 129
160 163
219 246
192 256
57 144
1 67
182 127
281 193
7 19
242 86
72 83
80 235
126 132
242 61
113 147
179 6
233 218
65 125
13 221
138 258
195 295
101 44
159 265
68 2
211 14
244 205
72 226
234 255
39 151
58 259
199 125
269 166
158 206
1 278
111 179
36 166
140 111
105 191
154 267
161 86
263 127
2 148
34 210
202 76
141 195
79 246
155 93
46 3
230 240
162 40
14 114
12 240
56 190
273 50
66 150
260 250
143 65
252 75
159 47
18 22
4 114
170 146
80 15
251 275
248 246
39 113
122 31
244 146
220 225
76 285
148 101
132 98
131 180
31 35
110 94
288 149
113 227
158 27
52 12
173 0
83 147
213 165
262 225
229 222
298 140
198 282
204 261
287 42
239 172
279 259
208 247
245 296
191 50
191 106
248 288
82 295
86 7
74 174
43 82
235 238
96 163
8 175
213 241
211 281
248 269
266 291
293 165
134 24
221 206
142 274
28 94
3 188
198 106
194 42
101 2
18 279
81 231
97 63
232 166
98 185
205 195
142 140
212 241
25 81
149 233
78 291
203 58
296 95
56 204
63 232
19 110
22 212
141 162
33 46
296 147
106 296
146 262
291 265
95 202
102 86
234 26
60 149
186 17
164 135
213 161
140 29
14 257
111 84
212 70
137 225
215 41
205 87
47 2
192 170
171 144
51 189
273 221
283 121
169 287
265 70
59 253
102 48
165 136
109 102
98 25
257 47
251 28
289 253
12 227
165 123
215 61
3 292
292 270
288 14
35 83
170 50
152 28
211 145
282 147
284 39
292 284
139 76
104 179
147 276
158 85
227 125
93 46
14 140
257 93
42 5
149 270
258 67
75 2
51 184
259 29
143 39
105 212
237 213
35 54
135 50
251 128
81 123
66 102
291 233
22 142
217 100
34 215
267 247
260 223
96 205
4 46
124 74
100 43
207 228
24 118
209 20
65 128
19 245
193 154
240 154
241 229
90 165
67 31
227 52
196 47
85 141
182 263
285 111
67 71
200 55
291 103
20 281
147 177
218 255
215 289
119 225
297 262
216 63
68 14
151 179
81 194
47 207
17 168
244 299
114 18
152 238
179 276
254 155
229 7
122 70
224 141
61 16
23 265
135 243
253 54
59 104
33 277
52 156
197 104
87 78
199 14
248 99
121 230
94 96
63 211
29 137
35 246
19 87
229 26
16 68
49 230
55 35
178 226
16 35
57 92
143 188
27 226
199 108
204 248
171 149
109 75
150 97
109 209
147 248
148 9
211 46
45 96
239 112
10 126
97 4
206 51
296 45
231 149
94 156
177 298
147 190
284 164
162 176
22 73
126 122
1 174
107 57
168 100
131 98
220 282
202 227
143 269
122 152
182 177
296 156
152 222
176 299
254 287
171 44
285 263
36 152
107 218
148 122
59 279
19 38
297 40
284 220
97 184
49 50
19 101
145 283
136 177
155 79
273 122
68 240
219 279
288 103
234 223
138 75
242 41
163 8
195 245
25 92
216 233
285 87
220 185
30 93
279 98
192 155
232 62
26 193
164 4
296 55
2 230
22 287
21 300
149 300
198 300
103 300
184 300
206 300
157 300
142 300
88 300
191 300
193 300
278 300
33 300
164 300
118 300
78 300
235 300
79 300
175 300
259 300
264 300
12 300
49 300
159 300
227 300
163 300
187 300
99 300
111 300
144 300
263 301
63 301
251 301
274 301
5 301
158 301
141 301
104 301
16 301
123 301
293 301
92 301
136 301
270 301
110 301
196 301
280 301
72 301
219 301
243 301
94 301
71 301
166 301
288 301
268 301
95 301
125 301
0 301
37 301
212 301
183 302
45 302
297 302
236 302
225 302
70 302
31 302
197 302
170 302
279 302
83 302
254 302
98 302
172 302
266 302
148 302
97 302
253 302
100 302
130 302
248 302
13 302
22 302
289 302
286 302
188 302
241 302
228 302
36 302
59 302
245 303
128 303
52 303
282 303
218 303
85 303
41 303
277 303
73 303
122 303
84 303
34 303
56 303
215 303
19 303
138 303
291 303
53 303
252 303
3 303
145 303
81 303
44 303
161 303
143 303
238 303
249 303
169 303
176 303
137 303
35 304
171 304
96 304
150 304
261 304
32 304
27 304
66 304
160 304
109 304
186 304
147 304
139 304
2 304
26 304
269 304
178 304
146 304
55 304
299 304
204 304
273 304
106 304
113 304
7 304
46 304
240 304
232 304
258 304
15 304
246 305
69 305
199 305
68 305
112 305
115 305
151 305
231 305
265 305
54 305
38 305
51 305
74 305
86 305
256 305
64 305
1 305
201 305
61 305
233 305
14 305
284 305
211 305
179 305
294 305
10 305
119 305
134 305
43 305
213 305
101 306
177 306
140 306
152 306
75 306
91 306
220 306
76 306
216 306
296 306
4 306
127 306
230 306
132 306
117 306
60 306
223 306
154 306
114 306
40 306
185 306
65 306
283 306
156 306
58 306
121 306
89 306
214 306
17 306
229 306
244 307
237 307
207 307
18 307
287 307
25 307
203 307
222 307
181 307
276 307
20 307
217 307
28 307
224 307
162 307
8 307
247 307
195 307
126 307
173 307
30 307
153 307
250 307
174 307
165 307
267 307
80 307
90 307
226 307
298 307
87 308
82 308
295 308
131 308
275 308
67 308
29 308
57 308
192 308
292 308
47 308
257 308
221 308
105 308
234 308
93 308
271 308
281 308
120 308
200 308
239 308
11 308
6 308
9 308
167 308
62 308
255 308
129 308
285 308
77 308
107 309
42 309
242 309
194 309
290 309
124 309
190 309
182 309
155 309
102 309
50 309
189 309
133 309
48 309
260 309
205 309
210 309
135 309
209 309
116 309
272 309
180 309
262 309
202 309
23 309
168 309
39 309
108 309
208 309
24 309
