330
210 79
223 251
219 102
84 22
156 75
134 147
175 273
205 217
127 281
263 98
146 155
243 97
226 32
232 280
287 97
292 207
32 55
84 39
110 166
85 254
2 49
145 288
30 79
120 191
6 152
115 32
125 5
14 243
95 155
190 225
295 25
182 241
214 289
79 8
3 169
212 26
10 93
180 126
92 265
210 250
152 238
198 277
272 46
14 274
211 198
14 190
131 183
186 41
141 264
281 54
65 292
241 282
120 291
157 55
99 244
0 226
249 267
278 86
78 264
118 19
256 61
258 20
76 155
175 125
181 236
76 246
84 106
193 49
67 40
113 271
205 259
177 158
297 135
234 42
187 152
135 26
20 204
163 186
25 142
65 84
229 234
209 120
188 196
208 237
73 63
157 225
194 155
242 128
295 163
298 110
188 17
125 255
163 127
270 269
46 68
117 133
295 108
281 279
298 174
105 116
92 292
67 177
116 208
35 170
16 293
198 209
291 104
158 94
51 231
129 32
227 61
19 182
13 272
142 7
297 15
201 155
277 35
293 196
221 266
35 62
4 19
6 251
139 153
297 31
86 214
222 235
213 108
190 213
176 120
285 16
125 180
203 2
108 192
33 93
145 24
194 294
263 224
181 137
249 239
252 229
269 298
139 159
78 278
95 83
295 258
271 83
135 69
4 42
164 167
85 44
94 66
125 259
109 272
269 238
143 291
283 110
264 298
166 67
165 87
221 21
8 193
230 192
98 245
167 121
210 181
215 242
150 126
24 25
233 251
49 71
112 53
63 296
19 166
182 216
71 10
13 209
281 198
240 178
190 257
205 208
206 12
245 291
200 298
170 272
260 65
189 155
260 84
36 209
225 122
254 25
118 44
278 164
51 139
291 297
195 29
97 294
200 118
66 125
260 275
95 120
222 238
149 234
248 221
197 71
152 122
212 278
37 184
129 89
70 2
245 102
190 228
108 101
240 118
261 130
299 136
216 213
135 207
86 165
294 156
55 23
282 199
55 232
196 20
221 278
185 61
80 88
230 127
285 64
13 88
272 26
76 98
221 263
130 31
6 111
292 136
117 297
71 56
130 122
91 110
175 258
26 298
130 23
95 190
161 230
113 160
198 16
171 137
133 222
5 90
30 225
138 174
123 233
265 72
127 17
39 38
119 253
107 224
162 296
206 224
288 193
78 99
263 32
225 56
297 125
250 156
198 66
259 194
191 223
234 13
257 64
3 225
192 262
213 95
75 214
269 250
177 111
48 287
150 115
280 240
4 186
125 285
38 179
154 71
238 199
52 55
264 43
176 147
262 110
144 168
179 202
238 208
164 293
173 110
69 272
126 85
107 15
100 145
122 186
158 210
214 85
20 208
76 107
117 84
250 38
31 281
65 111
53 73
238 212
207 15
175 224
3 86
97 233
233 73
291 194
240 183
119 92
221 265
28 132
241 187
168 28
23 4
196 177
88 298
235 262
15 158
264 202
37 188
279 92
282 252
111 84
86 33
93 6
162 291
138 152
179 140
259 85
136 188
34 285
145 27
154 128
25 243
260 294
18 299
184 81
297 18
299 239
175 101
250 73
254 237
81 209
136 161
19 185
126 256
294 283
248 43
291 177
81 259
35 177
85 158
33 58
194 203
152 68
271 27
129 167
34 43
189 75
50 212
57 224
37 79
140 13
63 259
83 63
102 228
37 274
207 278
169 247
251 35
48 225
123 242
132 186
122 229
298 57
220 210
133 254
208 190
36 129
56 266
78 261
225 68
154 162
235 290
153 186
106 246
292 165
30 71
83 127
209 115
148 111
207 282
194 103
149 94
14 35
98 38
63 163
218 34
182 4
273 104
197 122
16 125
133 233
0 261
239 114
149 69
255 238
285 217
85 286
294 68
198 158
165 140
75 152
281 137
133 68
5 82
104 295
157 70
189 168
194 262
292 267
172 0
240 201
172 283
57 61
167 99
56 102
46 199
209 77
198 172
139 91
59 212
254 108
257 115
234 271
151 199
297 206
143 231
289 64
279 115
47 262
122 154
104 228
24 65
262 87
196 16
156 256
152 71
92 102
151 75
274 137
143 87
38 87
106 98
167 260
99 87
15 275
141 259
278 155
39 199
274 276
44 18
205 132
299 111
198 126
184 230
83 62
186 284
16 257
216 297
146 9
55 204
39 110
113 202
78 212
164 1
167 209
62 83
120 278
269 52
243 214
224 24
135 111
200 203
115 70
223 252
70 145
119 9
178 296
126 277
260 42
153 98
64 222
278 146
26 246
209 189
92 215
179 58
148 51
46 191
50 100
53 175
68 286
227 288
242 133
184 126
260 13
68 187
259 19
27 259
135 113
90 55
252 165
277 90
213 99
200 234
106 265
130 103
114 296
0 169
19 17
26 271
22 230
217 135
180 172
159 158
160 294
55 109
292 216
81 182
285 101
60 121
142 167
48 178
121 146
28 274
174 204
193 22
235 244
130 291
132 105
148 31
295 198
261 173
27 24
152 269
42 56
96 279
275 67
242 250
222 180
278 273
51 234
181 146
53 296
37 35
107 77
90 90
289 272
38 236
226 209
122 87
51 26
171 234
60 206
299 270
207 279
103 126
33 159
242 55
161 61
241 254
4 70
71 80
203 216
229 221
160 115
107 216
88 247
261 27
82 226
104 266
193 210
289 199
272 42
80 105
163 255
39 113
75 99
61 132
71 3
219 62
298 109
202 109
21 219
239 9
284 215
129 259
65 134
143 290
33 221
30 113
136 207
33 276
38 91
278 225
259 165
178 192
55 197
212 132
161 159
123 293
183 151
297 295
165 258
169 51
228 226
113 233
138 296
61 251
286 139
240 190
165 128
184 250
36 181
97 259
74 59
280 299
299 293
293 80
3 98
192 171
188 75
85 15
298 243
87 117
161 271
75 92
167 22
144 133
77 110
181 265
167 282
83 118
183 101
226 140
1 155
211 182
174 218
74 194
5 163
277 130
287 236
177 140
111 43
55 289
185 260
152 18
252 108
94 111
211 138
285 165
181 136
114 192
269 208
243 38
213 108
245 16
67 68
112 270
3 278
36 85
88 228
25 130
105 150
184 62
260 58
149 286
22 30
49 204
214 121
289 227
24 275
62 281
222 163
77 27
137 131
107 18
63 52
69 217
62 143
137 298
70 171
61 40
263 112
277 91
60 261
8 162
208 163
153 169
207 127
260 6
283 183
164 124
134 225
32 136
91 91
42 88
184 42
104 13
74 174
181 49
288 196
128 281
275 37
40 90
191 199
241 71
152 129
72 199
44 14
174 61
296 139
61 152
158 224
271 74
182 77
141 45
189 50
157 54
71 292
145 130
210 131
151 242
168 109
242 134
157 165
206 26
185 50
196 37
121 19
50 184
46 68
230 4
188 7
118 128
274 176
24 233
122 106
291 51
186 20
34 65
183 233
37 98
178 117
75 120
189 76
268 54
212 132
267 257
261 34
168 47
71 14
7 245
206 258
173 179
104 166
192 274
103 285
28 81
236 163
129 73
233 171
63 104
147 212
196 85
271 25
131 275
185 185
136 244
0 125
297 196
61 89
245 71
119 291
100 95
257 248
206 39
114 267
53 258
155 145
177 204
266 170
203 56
282 206
142 190
24 260
42 144
197 288
212 16
111 113
52 285
78 97
218 195
147 150
71 168
196 281
87 66
239 54
24 159
13 276
129 277
15 175
238 78
148 128
149 71
235 156
30 297
263 186
273 161
53 215
264 7
145 75
297 190
134 150
117 18
66 152
50 38
185 143
119 126
286 75
165 198
233 73
111 5
209 209
288 200
135 65
14 189
40 288
103 13
242 124
95 67
284 157
280 212
229 277
234 184
10 277
175 89
28 38
179 180
42 244
138 161
30 202
3 108
156 274
290 270
23 177
154 145
189 275
131 205
224 20
206 68
134 260
171 182
22 128
178 130
163 159
47 20
258 152
252 187
265 297
184 90
79 221
249 172
24 107
32 126
181 23
293 143
153 199
138 66
247 87
200 223
25 49
4 4
274 116
181 130
31 188
259 81
91 40
138 233
17 20
129 203
112 118
300 145
300 28
300 235
300 19
300 270
300 128
300 12
300 114
300 292
300 27
300 6
300 86
300 260
300 66
300 174
301 31
301 280
301 219
301 262
301 277
301 242
301 153
301 222
301 140
301 79
301 179
301 47
301 247
301 139
301 179
302 213
302 251
302 51
302 203
302 183
302 199
302 177
302 116
302 183
302 237
302 28
302 257
302 257
302 106
302 189
303 152
303 224
303 114
303 62
303 111
303 89
303 32
303 127
303 196
303 7
303 210
303 109
303 216
303 103
303 294
304 143
304 161
304 249
304 114
304 101
304 114
304 173
304 268
304 244
304 92
304 66
304 234
304 8
304 245
304 151
305 234
305 141
305 71
305 167
305 216
305 126
305 70
305 264
305 221
305 30
305 197
305 219
305 35
305 62
305 120
306 128
306 1
306 231
306 102
306 221
306 210
306 241
306 204
306 259
306 195
306 52
306 128
306 20
306 229
306 223
307 254
307 195
307 125
307 247
307 51
307 141
307 118
307 63
307 52
307 127
307 110
307 181
307 257
307 102
307 220
308 180
308 285
308 189
308 22
308 194
308 27
308 104
308 139
308 201
308 96
308 185
308 7
308 50
308 123
308 141
309 269
309 56
309 167
309 193
309 272
309 28
309 20
309 113
309 274
309 32
309 297
309 151
309 25
309 33
309 183
310 235
310 221
310 254
310 136
310 125
310 150
310 276
310 31
310 194
310 167
310 214
310 248
310 281
310 175
310 198
311 46
311 127
311 132
311 220
311 136
311 221
311 140
311 127
311 110
311 62
311 24
311 15
311 104
311 115
311 54
312 135
312 131
312 76
312 85
312 272
312 116
312 66
312 0
312 90
312 288
312 112
312 58
312 106
312 81
312 175
313 251
313 159
313 44
313 38
313 5
313 208
313 171
313 181
313 89
313 65
313 100
313 89
313 163
313 198
313 25
314 67
314 5
314 141
314 138
314 65
314 275
314 91
314 253
314 10
314 197
314 256
314 176
314 30
314 22
314 8
314 199
314 296
314 151
314 41
314 177
314 1
314 222
314 131
314 211
314 37
314 66
314 294
314 50
314 123
314 283
0 0
0 0
0 0
0 0
0 0
0 0
0 0
0 0
0 0
0 0
0 0
0 0
0 0
0 0
0 0
0 0
0 0
0 0
0 0
0 0
0 0
0 0
0 0
0 0
0 0
0 0
0 0
0 0
0 0
0 0
0 0
0 0
0 0
0 0
0 0
0 0
0 0
0 0
0 0
0 0
0 0
0 0
0 0
0 0
0 0
0 0
0 0
0 0
0 0
0 0
0 0
0 0
0 0
0 0
0 0
0 0
0 0
0 0
0 0
0 0
0 0
0 0
0 0
0 0
0 0
0 0
0 0
0 0
0 0
0 0
0 0
0 0
0 0
0 0
0 0
0 0
0 0
0 0
0 0
0 0
0 0
0 0
0 0
0 0
0 0
0 0
0 0
0 0
0 0
0 0
0 0
0 0
0 0
0 0
0 0
0 0
0 0
0 0
0 0
0 0
0 0
0 0
0 0
0 0
0 0
0 0
0 0
0 0
0 0
0 0
0 0
0 0
0 0
0 0
0 0
0 0
0 0
0 0
0 0
0 0
0 0
0 0
0 0
0 0
0 0
0 0
0 0
0 0
0 0
0 0
0 0
0 0
0 0
0 0
0 0
0 0
0 0
0 0
0 0
0 0
0 0
0 0
0 0
0 0
0 0
0 0
0 0
0 0
0 0
0 0
0 0
0 0
0 0
0 0
0 0
0 0
0 0
0 0
0 0
0 0
0 0
0 0
0 0
0 0
0 0
0 0
0 0
0 0
0 0
0 0
0 0
0 0
0 0
0 0
0 0
0 0
0 0
0 0
0 0
0 0
0 0
0 0
0 0
0 0
0 0
0 0
0 0
0 0
0 0
0 0
0 0
0 0
0 0
0 0
0 0
0 0
0 0
0 0
0 0
0 0
0 0
0 0
0 0
0 0
0 0
0 0
0 0
0 0
0 0
0 0
78 315
104 315
248 315
35 315
184 315
23 315
64 315
243 315
285 315
246 315
71 315
126 315
52 315
141 315
159 315
102 316
292 316
198 316
1 316
3 316
299 316
286 316
36 316
270 316
7 316
135 316
239 316
165 316
149 316
288 316
48 317
156 317
167 317
208 317
188 317
276 317
112 317
39 317
91 317
134 317
107 317
130 317
109 317
23 317
281 317
228 318
124 318
110 318
133 318
69 318
145 318
250 318
161 318
136 318
88 318
292 318
70 318
70 318
204 318
35 318
117 319
0 319
177 319
134 319
196 319
58 319
218 319
216 319
174 319
157 319
141 319
85 319
9 319
258 319
145 319
114 320
269 320
144 320
124 320
247 320
164 320
3 320
103 320
136 320
138 320
38 320
296 320
46 320
63 320
205 320
138 321
251 321
78 321
49 321
166 321
193 321
66 321
26 321
98 321
32 321
184 321
102 321
185 321
164 321
92 321
49 322
61 322
263 322
235 322
279 322
69 322
181 322
4 322
275 322
139 322
227 322
149 322
65 322
76 322
154 322
177 323
158 323
186 323
166 323
57 323
66 323
20 323
259 323
111 323
172 323
65 323
88 323
38 323
266 323
49 323
112 324
277 324
254 324
62 324
56 324
182 324
33 324
295 324
211 324
138 324
174 324
98 324
292 324
141 324
48 324
231 325
2 325
151 325
119 325
293 325
203 325
246 325
12 325
135 325
24 325
38 325
186 325
188 325
8 325
1 325
71 326
168 326
168 326
298 326
215 326
214 326
225 326
288 326
248 326
77 326
134 326
27 326
154 326
87 326
40 326
83 327
230 327
169 327
23 327
270 327
228 327
106 327
278 327
114 327
178 327
202 327
125 327
78 327
70 327
190 327
28 328
224 328
58 328
164 328
18 328
68 328
152 328
140 328
273 328
165 328
195 328
299 328
261 328
4 328
112 328
96 329
36 329
71 329
270 329
80 329
137 329
70 329
111 329
27 329
53 329
127 329
288 329
194 329
146 329
268 329
37 329
140 329
79 329
166 329
165 329
7 329
66 329
48 329
147 329
251 329
103 329
190 329
118 329
103 329
17 329
0 0
0 0
0 0
0 0
0 0
0 0
0 0
0 0
0 0
0 0
0 0
0 0
0 0
0 0
0 0
0 0
0 0
0 0
0 0
0 0
0 0
0 0
0 0
0 0
0 0
0 0
0 0
0 0
0 0
0 0
0 0
0 0
0 0
0 0
0 0
0 0
0 0
0 0
0 0
0 0
0 0
0 0
0 0
0 0
0 0
0 0
0 0
0 0
0 0
0 0
0 0
0 0
0 0
0 0
0 0
0 0
0 0
0 0
0 0
0 0
0 0
0 0
0 0
0 0
0 0
0 0
0 0
0 0
0 0
0 0
0 0
0 0
0 0
0 0
0 0
0 0
0 0
0 0
0 0
0 0
0 0
0 0
0 0
0 0
0 0
0 0
0 0
0 0
0 0
0 0
0 0
0 0
0 0
0 0
0 0
0 0
0 0
0 0
0 0
0 0
0 0
0 0
0 0
0 0
0 0
0 0
0 0
0 0
0 0
0 0
0 0
0 0
0 0
0 0
0 0
0 0
0 0
0 0
0 0
0 0
0 0
0 0
0 0
0 0
0 0
0 0
0 0
0 0
0 0
0 0
0 0
0 0
0 0
0 0
0 0
0 0
0 0
0 0
0 0
0 0
0 0
0 0
0 0
0 0
0 0
0 0
0 0
0 0
0 0
0 0
0 0
0 0
0 0
0 0
0 0
0 0
0 0
0 0
0 0
0 0
0 0
0 0
0 0
0 0
0 0
0 0
0 0
0 0
0 0
0 0
0 0
0 0
0 0
0 0
0 0
0 0
0 0
0 0
0 0
0 0
0 0
0 0
0 0
0 0
0 0
0 0
0 0
0 0
0 0
0 0
0 0
0 0
0 0
0 0
0 0
0 0
0 0
0 0
0 0
0 0
0 0
0 0
0 0
0 0
0 0
0 0
0 0
0 0
0 0
0 0

