330
0 268   0 315   0 322   
1 135   1 215   1 258   1 321   
2 88   2 102   2 130   2 242   2 318   2 327   
3 31   3 65   3 162   3 217   3 315   3 326   
4 147   4 322   
5 160   5 324   5 328   
6 2   6 35   6 168   6 195   6 325   
7 39   7 78   7 154   7 185   7 320   
8 4   8 64   8 104   8 209   8 262   8 279   8 317   8 326   
9 52   9 146   9 175   9 191   
10 145   10 193   10 278   
11 263   11 320   11 323   
12 78   12 192   12 237   12 248   12 267   
13 70   13 100   13 157   13 192   13 267   13 319   
14 113   14 321   14 325   
15 95   15 118   15 185   15 192   15 234   15 258   15 320   15 323   
16 38   16 235   16 287   16 320   16 325   16 327   
17 31   17 114   17 229   17 282   17 321   
18 10   18 84   18 161   18 176   18 202   18 316   18 321   18 326   18 328   
19 89   19 137   19 247   19 329   
20 19   20 69   20 94   20 195   20 237   20 263   20 329   
21 250   21 260   21 316   21 325   
22 60   22 90   22 208   22 322   22 323   22 324   22 324   22 326   
23 24   23 60   23 281   23 320   23 329   
24 41   24 194   24 200   24 262   24 326   
25 71   25 136   25 169   25 238   25 267   
26 46   26 197   26 215   26 228   26 258   26 274   26 290   26 325   
27 160   27 253   27 324   27 328   27 329   
28 54   28 93   28 256   28 263   28 319   28 328   
29 1   29 201   29 318   29 320   29 321   29 325   
31 85   31 120   31 133   31 191   31 291   31 319   31 324   
32 30   32 75   32 317   32 318   32 325   
33 119   33 251   
34 134   34 266   34 327   
35 219   35 319   35 326   
36 10   36 92   36 118   36 315   36 322   
37 88   37 271   37 323   37 324   37 328   
38 153   38 244   38 268   38 322   38 326   
39 56   39 90   39 93   39 282   
40 102   40 112   40 127   40 159   40 252   40 322   40 325   40 329   
41 215   41 322   41 328   
42 47   42 319   
43 3   43 144   43 200   43 326   
44 84   44 91   
45 112   45 129   45 141   45 325   
46 67   46 245   46 291   46 315   46 320   
47 180   47 202   47 226   47 319   47 321   47 327   
48 190   48 231   48 318   
49 76   49 84   49 315   49 316   49 321   
50 15   50 121   50 122   50 127   50 162   
51 5   51 85   51 89   51 210   51 212   
52 48   52 146   52 221   52 316   52 320   52 320   
53 68   53 176   53 180   53 319   53 319   
54 55   54 100   54 220   54 317   54 329   54 329   
55 182   55 215   55 316   55 327   55 328   
56 15   56 68   56 84   56 175   56 201   56 321   56 325   56 328   
57 299   57 319   57 325   
58 210   58 240   58 320   
59 122   59 201   
60 147   60 236   
61 317   
62 3   62 7   62 53   62 116   62 157   62 232   62 319   
63 34   63 82   63 92   63 157   63 277   63 320   
64 133   64 262   64 317   64 322   
65 62   65 194   65 237   65 237   65 324   65 327   
66 81   66 85   66 117   66 143   66 163   66 186   66 250   66 317   66 317   66 318   66 320   66 327   
67 9   67 64   67 174   67 291   67 325   
68 216   68 243   68 329   
69 45   69 130   69 146   69 209   69 321   69 325   
70 52   70 81   70 175   
71 144   71 255   71 291   71 326   71 329   
72 99   72 128   72 179   72 324   
73 168   73 320   
74 281   74 320   
75 201   75 280   75 285   75 323   75 324   
76 114   76 126   76 320   76 320   
77 100   77 210   77 315   77 328   
78 70   78 121   78 247   78 254   78 269   78 297   78 329   
79 155   79 236   79 323   
80 98   80 140   80 166   80 211   80 225   80 260   80 327   
81 202   81 328   
82 262   82 319   
83 124   
84 217   84 264   84 326   
85 12   85 286   85 298   
86 11   86 92   86 200   
87 5   87 224   87 229   87 324   
88 191   88 316   
89 3   89 28   89 103   89 147   89 172   89 272   89 322   
90 325   
91 44   91 80   91 315   
92 87   
93 14   93 188   93 298   93 322   
94 24   94 124   94 319   94 320   
95 34   95 93   95 154   95 323   
96 12   96 29   96 55   96 293   
97 94   97 148   97 250   97 287   
98 90   98 125   98 235   98 241   98 242   98 320   
99 247   99 294   99 316   99 324   
100 196   100 280   
101 172   101 214   101 254   
102 5   102 123   102 131   102 228   102 237   102 257   102 277   
103 64   103 209   103 316   103 326   
104 30   104 161   104 220   104 235   
105 9   105 25   105 39   105 185   105 192   105 317   105 318   105 327   105 328   
106 71   106 147   106 284   106 316   106 321   106 322   
107 45   107 89   107 268   107 318   107 323   107 326   
108 72   108 319   
109 24   109 166   109 185   109 271   109 316   109 321   
110 15   110 205   110 326   110 329   110 329   
111 6   111 72   111 130   111 226   111 245   111 329   
112 27   112 132   112 177   112 247   112 316   
113 64   113 76   113 315   113 317   113 317   113 321   113 325   
114 11   114 58   114 118   114 217   114 326   114 326   114 329   114 329   
115 220   115 317   115 320   115 323   
116 317   116 323   116 326   
117 29   117 31   117 83   117 116   117 123   117 324   
118 282   
119 19   119 266   
120 140   120 149   120 317   120 320   120 324   
121 185   121 224   121 315   
122 21   122 326   122 329   
123 46   123 135   123 142   123 295   123 318   123 319   123 322   
124 88   124 93   124 110   124 123   124 191   124 323   
125 22   125 54   125 273   
127 72   127 288   127 319   
128 189   128 256   128 317   128 322   
129 39   129 130   129 163   129 182   129 242   129 252   129 315   129 316   129 323   129 327   
130 19   130 327   
131 315   
132 0   132 28   132 94   132 151   132 188   132 281   132 318   
133 221   133 329   
135 73   135 181   135 267   135 315   
137 59   137 183   137 261   137 324   137 324   137 325   
138 28   138 163   138 214   138 254   138 259   138 315   138 321   138 322   138 327   
139 139   139 267   139 327   
140 39   140 145   140 318   
141 220   141 316   141 323   
142 77   
143 55   143 63   143 208   143 321   
144 264   144 322   144 328   
145 0   145 316   145 322   
146 315   146 319   146 325   
147 72   147 76   147 104   147 192   147 242   147 262   147 278   147 296   147 317   147 317   
148 2   148 69   148 136   148 213   148 222   148 316   148 317   
149 128   149 164   149 254   149 266   149 273   149 327   
150 318   
151 232   151 259   151 317   151 323   151 326   
152 24   152 25   152 26   152 140   152 276   152 288   152 316   152 324   152 328   152 329   
153 58   153 276   153 318   153 327   
154 46   154 108   154 135   154 198   154 233   154 322   
155 255   155 328   
156 148   156 169   156 174   156 210   156 224   156 237   
157 320   157 329   
158 68   158 153   158 207   158 222   158 254   158 321   158 321   
159 28   
160 107   160 327   160 329   
161 26   161 316   
162 188   162 192   162 325   162 327   
163 59   163 316   163 325   
164 77   164 291   164 299   164 321   164 327   164 327   164 328   
165 56   165 68   165 78   165 176   165 257   165 263   165 297   165 317   165 327   
166 321   166 327   
167 47   167 72   167 78   167 80   167 243   167 296   167 326   
168 40   168 193   168 229   168 294   168 317   
169 281   169 324   
170 30   170 316   170 328   
171 56   171 220   171 234   171 315   171 316   171 317   171 319   
172 172   172 275   172 322   
174 78   174 251   174 291   174 315   174 329   
175 104   175 324   175 326   175 328   
176 144   176 319   
177 184   177 248   177 324   
178 72   178 317   178 317   
179 50   179 109   179 131   179 152   179 289   179 324   
180 8   180 110   180 153   180 168   180 323   180 328   
181 50   181 54   181 63   181 75   
182 205   
183 319   183 326   183 327   
184 73   184 93   184 131   184 201   184 327   184 328   
185 133   185 233   185 244   185 316   185 316   185 318   
186 17   186 28   186 318   186 318   186 319   186 323   
187 30   187 183   187 316   187 325   
188 135   188 266   188 316   188 321   188 329   
189 38   189 169   189 174   189 216   189 279   189 319   
190 166   190 173   190 196   190 315   190 318   190 323   190 326   
191 187   191 230   191 244   191 267   191 284   
192 315   192 322   
193 13   193 241   193 291   193 319   193 322   
194 316   194 317   194 318   194 327   
195 162   195 219   195 226   195 263   195 318   
196 164   196 230   196 256   196 320   196 328   
197 65   197 177   197 187   197 291   197 321   197 328   
198 130   198 135   198 182   198 277   198 282   198 315   
199 55   199 66   199 94   199 261   199 318   
200 67   200 102   200 108   200 115   200 182   
201 17   201 148   201 229   201 229   201 319   201 323   
202 72   202 267   202 278   
203 121   203 233   203 318   
204 56   204 134   
205 118   205 126   205 212   205 277   
206 11   206 22   206 41   206 56   206 76   206 133   206 321   206 325   
207 78   207 180   207 324   207 328   
208 48   208 102   208 111   208 233   208 245   
209 24   209 83   209 135   209 288   
210 50   210 138   210 150   
211 10   211 276   211 318   
212 25   212 318   
213 2   213 123   213 215   213 324   213 324   
214 101   214 153   
215 205   215 251   215 266   215 328   
216 5   216 44   216 179   216 210   
217 21   217 71   
218 46   218 61   218 72   218 119   218 158   218 318   218 318   
219 61   219 88   219 318   219 328   
220 169   220 195   220 327   
221 25   221 76   221 135   221 278   221 299   221 317   
222 100   222 133   222 140   222 159   222 180   222 228   222 245   222 247   222 282   
223 36   223 100   223 172   223 177   223 217   223 246   223 317   
224 131   224 177   224 204   
225 10   225 248   225 261   225 263   225 279   225 325   
226 7   226 124   226 278   226 322   226 323   
227 191   227 324   
228 120   228 321   228 326   228 328   
229 28   229 53   229 199   229 280   
230 20   230 298   230 315   230 322   230 329   
231 133   231 145   
232 50   232 119   232 129   232 148   232 204   232 225   232 324   
233 76   233 100   233 162   233 320   233 326   
234 321   234 325   234 325   234 328   234 328   
235 8   235 87   235 204   235 239   235 247   235 319   235 322   235 323   235 324   235 326   
236 146   236 258   236 317   236 320   236 322   236 323   236 324   
237 185   237 208   237 316   237 322   
238 115   238 320   238 329   
239 80   239 131   239 319   239 323   239 324   239 327   
240 116   240 289   
241 85   241 180   241 195   241 328   241 329   
242 132   242 151   242 223   242 325   
243 43   243 46   243 103   243 118   243 164   243 265   243 329   
244 10   244 65   244 93   244 137   244 226   244 277   244 322   
245 41   245 60   245 102   245 173   245 320   
246 105   246 169   246 174   
247 34   247 65   247 81   247 144   247 151   247 329   
248 25   248 108   248 110   248 213   248 255   248 321   248 326   248 328   
249 8   249 148   249 323   249 325   
250 38   250 52   250 85   250 176   250 253   
251 287   251 315   251 327   
252 3   252 28   252 61   252 269   252 325   
253 206   253 211   253 266   253 289   
254 323   
255 23   255 131   255 235   255 237   255 270   255 284   
256 2   256 49   256 135   256 315   
257 4   257 97   257 123   257 329   
258 11   258 92   258 149   258 198   258 274   
259 50   259 116   259 152   259 155   259 191   259 192   259 214   259 323   259 323   
260 29   260 29   260 83   
261 2   261 10   261 207   261 214   261 315   
262 16   262 195   262 325   262 326   
263 260   263 272   263 318   263 321   263 326   
264 4   264 50   264 80   264 113   264 120   264 171   264 288   264 318   
265 21   265 85   265 216   265 280   265 316   265 325   
266 33   266 112   266 316   
267 255   267 329   
268 4   268 117   268 194   268 234   268 268   268 323   268 328   
269 109   269 146   269 258   269 318   
270 93   270 266   270 316   
271 8   271 315   
272 103   272 111   
273 76   273 130   273 318   273 318   273 319   273 320   273 321   273 325   
274 10   274 23   274 149   274 158   
275 53   275 271   275 287   275 324   
276 1   276 30   276 44   276 60   276 250   
277 83   277 93   277 158   
278 165   278 213   278 272   278 290   278 315   278 322   278 327   
279 110   279 193   279 228   
280 49   280 73   280 114   280 117   280 158   280 242   280 299   280 319   280 319   280 321   
281 28   281 31   281 289   281 319   
282 45   282 284   282 326   
283 74   283 207   283 239   283 269   
284 106   284 158   284 186   284 290   284 329   
285 71   285 125   285 206   285 292   285 294   285 315   
286 2   286 21   286 32   286 322   
287 20   287 36   287 232   287 323   
288 140   288 153   288 315   288 319   288 321   
289 10   289 276   289 299   289 317   
290 48   290 115   290 132   290 161   290 220   
291 10   291 269   291 326   
292 9   292 114   292 134   292 228   292 280   
293 111   293 139   293 166   293 289   293 315   293 317   
294 37   294 100   294 284   294 316   294 320   
295 109   295 323   295 324   
296 166   296 256   296 315   296 322   296 327   
297 132   297 166   297 315   297 321   297 323   297 327   
298 95   298 145   298 279   298 317   298 320   
299 109   299 175   299 208   299 320   299 321   299 322   
300 12   300 18   300 34   300 37   300 69   300 75   300 91   300 102   300 104   300 106   300 115   300 127   300 139   300 142   300 150   300 154   300 161   300 165   300 171   300 194   300 207   300 217   300 221   300 222   300 239   300 240   300 243   300 246   300 267   300 296   
301 20   301 33   301 45   301 50   301 111   301 135   301 137   301 167   301 173   301 177   301 178   301 178   301 178   301 189   301 203   301 210   301 219   301 227   301 232   301 240   301 241   301 247   301 253   301 260   301 273   301 282   301 287   301 290   301 291   301 294   
302 5   302 24   302 27   302 63   302 66   302 71   302 80   302 133   302 147   302 159   302 161   302 167   302 173   302 184   302 201   302 205   302 213   302 222   302 224   302 240   302 254   302 256   302 261   302 262   302 264   302 277   302 280   302 283   302 296   302 297   
303 0   303 25   303 26   303 49   303 64   303 73   303 87   303 103   303 109   303 110   303 110   303 123   303 124   303 152   303 168   303 183   303 185   303 194   303 204   303 214   303 218   303 234   303 257   303 268   303 278   303 281   303 281   303 282   303 283   303 290   
304 8   304 11   304 22   304 27   304 39   304 40   304 51   304 104   304 126   304 126   304 150   304 151   304 156   304 161   304 164   304 166   304 171   304 172   304 189   304 194   304 195   304 199   304 206   304 237   304 241   304 275   304 276   304 279   304 285   304 289   
305 14   305 15   305 48   305 85   305 97   305 116   305 122   305 127   305 143   305 152   305 153   305 164   305 167   305 167   305 173   305 176   305 187   305 194   305 201   305 203   305 207   305 217   305 219   305 220   305 227   305 242   305 245   305 255   305 263   305 271   
306 6   306 9   306 17   306 30   306 35   306 44   306 49   306 50   306 61   306 77   306 94   306 100   306 101   306 108   306 110   306 114   306 138   306 164   306 171   306 186   306 195   306 221   306 234   306 235   306 244   306 248   306 261   306 263   306 266   306 285   
307 2   307 7   307 11   307 14   307 20   307 25   307 48   307 49   307 49   307 62   307 66   307 72   307 95   307 102   307 116   307 117   307 133   307 138   307 157   307 162   307 201   307 205   307 207   307 219   307 239   307 241   307 260   307 266   307 280   307 285   
308 10   308 14   308 16   308 24   308 28   308 40   308 43   308 49   308 49   308 65   308 69   308 69   308 74   308 86   308 96   308 122   308 133   308 155   308 189   308 194   308 228   308 238   308 240   308 248   308 252   308 265   308 279   308 288   308 292   308 295   
309 1   309 3   309 6   309 32   309 40   309 41   309 43   309 66   309 69   309 96   309 107   309 115   309 133   309 136   309 144   309 165   309 167   309 169   309 179   309 183   309 205   309 214   309 215   309 219   309 244   309 255   309 271   309 272   309 275   309 284   
310 3   310 6   310 23   310 25   310 34   310 37   310 45   310 47   310 56   310 90   310 109   310 122   310 130   310 133   310 135   310 148   310 157   310 180   310 187   310 188   310 200   310 207   310 212   310 218   310 230   310 237   310 243   310 263   310 291   310 291   
311 3   311 3   311 10   311 21   311 36   311 38   311 47   311 48   311 55   311 56   311 60   311 67   311 68   311 91   311 102   311 108   311 109   311 116   311 125   311 130   311 169   311 188   311 189   311 194   311 209   311 231   311 240   311 275   311 278   311 286   
312 2   312 23   312 27   312 30   312 30   312 38   312 39   312 58   312 65   312 69   312 79   312 88   312 92   312 105   312 113   312 125   312 134   312 136   312 152   312 156   312 187   312 198   312 215   312 217   312 225   312 227   312 273   312 293   312 294   312 294   
313 5   313 9   313 21   313 29   313 39   313 39   313 49   313 56   313 60   313 70   313 76   313 83   313 111   313 114   313 115   313 133   313 156   313 164   313 197   313 210   313 214   313 215   313 249   313 257   313 266   313 270   313 278   313 279   313 293   313 299   
314 44   314 49   314 57   314 74   314 75   314 96   314 97   314 98   314 103   314 107   314 112   314 113   314 117   314 129   314 131   314 138   314 155   314 158   314 176   314 195   314 212   314 216   314 227   314 245   314 259   314 270   314 271   314 272   314 276   314 281   
