330
0 16  0 214  0 242  0 251  0 320  
1 129  1 138  1 174  1 228  1 261  1 267  1 323  1 324  1 325  
2 111  2 124  2 241  2 242  2 322  2 325  
3 82  3 142  3 192  3 329  
4 67  4 118  4 139  
5 29  5 146  5 171  5 317  5 325  
6 11  6 127  6 318  6 325  
7 48  7 201  7 220  7 324  
8 245  8 321  
9 160  9 329  9 329  
10 25  10 149  10 151  10 187  10 242  10 315  10 316  10 319  
11 162  11 232  11 264  11 315  11 325  
12 29  12 38  12 320  12 322  
13 329  
14 42  14 160  14 166  
15 200  15 229  15 320  
16 3  16 291  16 318  
17 114  17 324  
18 26  18 92  18 101  18 236  18 267  18 315  18 316  
19 134  19 157  19 174  19 183  19 188  19 248  
20 26  20 95  20 147  20 184  20 241  20 266  20 315  20 319  
21 47  21 322  21 325  
22 157  22 201  22 215  22 278  22 315  22 321  
23 258  23 280  
24 315  
25 5  25 59  25 119  25 199  25 263  25 320  25 322  
26 70  26 323  26 327  
27 62  27 107  27 166  27 219  
28 45  28 85  28 95  28 219  28 316  28 318  28 318  28 318  
29 132  29 315  
30 27  30 150  30 264  30 316  30 319  
31 155  31 165  31 186  31 196  31 226  31 317  
32 1  32 129  32 189  32 240  32 283  32 320  
33 236  
34 18  34 94  34 141  34 243  
35 52  35 148  35 207  35 281  35 290  35 322  35 323  
36 93  36 134  36 321  36 325  
37 150  37 176  37 238  37 265  37 319  37 328  
38 45  38 195  38 224  38 324  
39 21  39 50  39 112  39 123  39 138  39 218  39 271  39 322  
40 7  40 93  40 262  40 318  
41 61  
42 170  42 315  
43 87  43 321  
44 31  44 195  44 222  44 235  44 282  44 319  44 320  44 329  
45 3  45 155  45 226  45 321  
46 5  46 39  46 168  46 293  
47 87  47 136  47 202  47 219  47 224  47 316  47 317  
48 16  48 177  48 257  48 329  
49 106  49 317  49 318  
50 60  50 79  50 104  50 286  50 315  
51 73  51 106  51 155  51 264  51 317  
52 27  52 133  52 318  52 318  52 321  52 322  52 324  52 328  
53 60  53 77  
54 277  54 317  54 318  54 319  
55 16  55 122  55 163  55 232  55 294  55 315  55 316  
56 120  56 137  56 257  56 317  56 322  
57 92  57 297  
58 321  
59 100  59 109  59 114  59 207  59 226  59 289  59 324  
60 90  60 96  60 135  60 316  60 316  60 317  60 327  60 328  
61 102  61 202  
62 23  62 202  62 257  62 270  62 317  62 322  
63 119  63 133  63 188  
64 320  64 327  64 328  
65 53  65 157  65 181  65 260  
66 21  66 78  66 240  66 247  66 292  66 315  66 323  
67 165  67 230  
68 173  68 320  68 328  
69 138  69 196  69 204  69 272  
70 22  70 127  70 155  70 318  
71 124  71 272  71 317  71 329  
72 9  72 91  72 185  72 316  72 329  
73 109  73 210  73 281  73 282  73 315  
74 178  74 214  
75 83  75 91  75 136  75 319  75 323  
76 329  
77 193  77 214  77 269  
78 176  78 325  78 328  
79 10  79 117  79 188  79 216  79 320  
80 327  
81 30  81 151  81 315  81 317  
82 17  82 55  82 112  82 131  82 206  82 326  82 328  
83 180  83 316  83 316  
84 96  84 163  84 197  84 200  84 320  
85 79  85 189  85 257  85 291  85 321  85 326  85 328  
86 5  86 107  86 228  86 251  86 267  86 277  
87 120  87 294  87 317  87 324  
88 32  88 165  88 261  88 322  88 325  88 328  
89 95  89 167  89 209  
90 27  90 97  90 194  90 237  90 315  90 326  
91 32  91 120  91 256  91 322  
92 94  92 103  92 141  92 318  92 324  
93 216  93 315  93 325  
94 35  94 89  
95 21  95 47  95 73  95 98  95 149  95 240  
96 43  96 136  96 173  96 181  96 274  96 319  
97 157  97 225  97 259  97 315  97 322  97 328  
98 23  98 44  98 327  
99 7  99 171  99 319  99 320  
100 132  100 275  100 317  100 322  
101 46  101 48  101 222  101 327  
102 108  102 318  102 326  
103 55  103 63  103 151  103 205  103 317  103 317  103 329  
104 101  104 104  104 236  104 323  
105 23  105 29  105 213  105 315  105 321  105 325  
106 24  106 85  106 206  106 207  106 270  
107 90  107 140  107 201  107 287  107 321  107 324  
108 12  108 20  108 156  108 281  108 322  
109 77  109 113  109 126  109 155  109 206  109 238  109 315  109 316  109 324  
110 329  
111 10  111 28  111 297  111 319  111 321  111 325  
112 1  112 38  112 40  112 92  112 132  112 168  112 217  112 228  112 273  112 325  
113 44  113 110  113 273  113 322  
114 283  114 291  
115 239  115 321  115 327  
116 63  116 324  116 328  
117 19  117 47  117 49  117 321  117 326  
118 112  118 155  118 191  118 316  118 329  
119 8  119 83  119 177  
120 146  120 226  120 255  120 324  120 325  
121 25  121 129  121 220  121 322  121 327  
122 326  
123 27  123 323  
124 207  124 317  124 319  124 327  
125 318  125 323  125 328  
126 260  126 324  
127 39  127 323  127 329  
128 142  128 224  
129 16  129 101  129 141  129 183  129 218  129 236  129 329  
130 190  130 200  
131 140  131 153  131 156  131 169  131 257  131 316  131 323  
132 97  132 165  
133 145  133 201  133 217  133 227  133 323  
134 4  134 133  134 316  134 329  
135 193  135 201  135 329  
136 108  136 109  136 110  136 165  136 248  136 317  
137 7  137 52  137 192  137 294  
138 66  138 121  138 203  
139 3  139 93  139 299  139 318  139 323  139 324  
140 128  140 149  140 289  140 318  
141 27  141 326  
142 138  142 325  
143 49  143 70  143 77  143 90  143 271  143 298  
144 27  144 157  144 168  144 175  144 195  144 246  144 299  
145 133  145 250  145 328  
146 0  146 59  146 222  146 298  
147 147  147 214  147 286  147 315  147 322  147 323  147 326  
148 3  148 97  148 155  148 238  148 245  148 259  148 317  148 327  
149 39  149 49  149 59  149 324  
150 101  150 248  150 315  150 327  
151 1  151 154  151 227  151 265  151 315  151 326  
152 56  152 111  152 157  152 170  152 316  
153 42  153 79  153 166  153 175  153 210  153 317  153 324  
154 8  154 205  154 264  154 320  154 324  154 325  
155 318  155 329  
156 187  156 219  156 241  156 282  
157 11  157 22  157 30  157 121  157 260  157 273  157 321  
158 69  158 92  158 100  158 210  158 228  158 271  158 285  158 294  158 319  158 325  
159 152  159 167  159 177  
160 7  160 72  160 104  160 186  160 225  160 284  160 318  160 321  160 328  
161 119  161 329  
162 33  162 320  
163 241  163 329  
164 90  164 159  164 211  164 232  164 238  
165 26  165 51  165 80  165 152  165 162  165 189  165 319  165 328  165 328  
166 0  166 192  166 229  166 267  166 278  166 318  166 321  166 322  
167 18  167 70  167 193  167 316  167 322  167 326  
168 123  168 129  168 317  168 320  168 325  
169 64  169 85  169 134  169 149  169 320  
170 30  170 108  170 119  170 212  
171 55  171 107  171 244  171 290  
172 75  172 132  172 329  
173 7  173 21  173 201  173 237  173 242  173 316  173 328  
174 32  174 92  174 154  174 218  174 320  174 323  174 325  174 325  
175 329  
176 108  176 136  176 315  176 316  176 318  176 319  176 323  
177 119  177 316  177 318  177 326  
178 164  178 249  178 319  178 328  
179 46  179 268  179 319  
180 98  180 162  180 218  180 277  180 296  180 320  180 326  
181 0  181 48  181 325  
182 17  182 23  182 128  182 323  
183 35  183 66  183 167  183 220  183 318  
184 131  184 246  184 319  184 323  184 325  
185 98  185 327  185 328  
186 5  186 19  186 159  186 327  
187 37  187 70  187 88  187 120  187 170  187 265  
188 97  188 233  188 321  
189 117  189 124  189 324  
190 17  190 113  190 270  
191 251  
192 85  192 107  192 234  192 320  192 326  
193 1  193 41  193 118  193 219  193 224  193 290  193 322  193 327  
194 324  
195 175  195 180  195 323  195 329  
196 68  196 277  196 317  196 323  
197 9  197 181  
198 117  198 190  198 325  
199 7  199 153  199 186  199 216  199 238  199 318  199 322  199 323  
200 51  200 329  
201 84  201 244  201 315  201 327  
202 187  202 208  202 284  202 286  
203 5  203 75  203 204  203 207  
204 100  204 165  204 324  
205 85  205 158  205 236  205 319  
206 18  206 63  206 143  206 147  206 198  206 321  206 325  
207 10  207 235  207 320  
208 159  
209 248  209 323  209 324  
210 23  210 54  210 286  210 299  210 326  
211 126  211 319  
212 5  212 322  212 327  
213 317  213 325  213 326  213 327  213 329  
214 72  214 192  214 228  
215 23  215 145  215 175  215 238  215 317  215 317  215 320  215 323  215 324  
216 164  216 228  216 327  
217 30  217 135  217 142  217 315  217 326  217 326  217 327  217 328  
218 75  218 106  218 118  218 195  218 201  
219 89  219 296  219 319  
220 20  220 73  220 329  
221 46  221 107  221 171  221 201  221 238  221 323  
222 196  222 322  222 327  
223 20  223 24  223 85  223 206  223 240  223 326  
224 24  224 211  224 227  224 323  
225 102  225 287  225 296  225 320  
226 318  226 320  226 324  226 325  
227 19  227 40  227 63  227 213  227 237  227 318  
228 10  228 30  228 113  228 181  228 281  228 316  228 321  228 326  228 327  
229 11  229 34  229 188  229 259  229 327  
230 139  230 162  230 181  230 317  230 325  
231 53  231 63  231 317  231 320  
232 152  232 316  
233 319  233 321  233 321  
234 18  234 42  234 58  234 324  234 328  
235 170  235 204  235 211  235 269  235 322  235 325  235 328  
236 25  236 152  236 276  236 321  236 322  236 328  
237 29  237 30  237 46  237 318  237 322  237 326  237 326  237 327  237 328  
238 56  238 132  238 175  238 221  238 297  238 316  238 316  238 318  

240 76  240 111  240 120  240 127  240 265  240 293  240 293  240 296  240 316  240 319  240 323  
241 243  241 320  
242 0  242 60  242 204  242 291  242 325  
243 262  243 319  243 320  
244 132  244 160  
245 170  245 208  245 292  245 317  
246 227  246 229  246 321  246 323  
247 6  247 28  247 215  247 316  247 325  247 326  
248 1  248 66  248 91  248 142  248 150  248 156  248 192  248 263  248 268  
249 154  249 282  249 295  249 327  
250 29  250 53  250 76  250 79  250 85  250 111  250 316  
251 76  251 239  
252 2  252 215  252 273  252 318  252 318  252 319  252 324  
253 12  253 15  253 68  253 158  253 166  253 191  253 316  
254 111  254 165  254 272  254 276  254 327  
255 4  255 65  255 79  255 274  
256 142  256 228  256 233  256 321  
257 51  257 177  257 219  257 327  
258 298  258 320  258 328  
259 72  259 98  259 244  259 287  259 324  
260 14  260 49  260 220  260 229  260 257  260 282  260 321  260 322  260 329  
261 151  
262 94  262 154  262 273  
263 154  263 322  263 326  263 327  
264 199  264 317  
265 123  265 209  265 221  265 315  265 320  265 326  
266 157  266 251  266 315  266 317  266 320  266 326  

268 24  268 28  268 135  268 179  
269 72  269 235  269 247  
270 2  270 44  270 158  270 231  270 251  270 298  270 329  
271 227  271 235  271 323  271 326  271 328  
272 182  272 225  272 256  272 319  272 321  272 323  
273 328  
274 200  274 242  274 327  
275 17  275 225  275 253  275 298  
276 145  276 149  276 184  
277 90  277 199  277 275  277 323  
278 42  278 117  278 178  278 211  278 237  278 319  278 327  
279 209  279 284  279 322  279 329  279 329  
280 5  280 39  280 44  280 76  280 297  280 315  
281 271  281 321  
282 2  282 82  282 239  282 288  282 320  
283 137  283 159  283 193  283 193  283 319  283 326  
284 34  284 129  284 209  284 318  284 328  
285 65  285 275  285 317  
286 62  286 64  286 80  286 109  286 125  286 126  286 171  286 324  
287 51  287 94  287 315  287 321  
288 85  288 139  288 324  
289 132  289 270  289 315  
290 96  290 105  290 135  290 243  290 281  290 319  290 324  290 326  
291 56  291 85  291 141  291 220  291 242  291 319  291 321  
292 8  292 108  292 272  292 288  292 315  
293 118  293 164  293 232  293 320  293 328  
294 321  
295 21  295 98  295 256  295 316  295 327  
296 114  296 150  296 159  296 216  296 269  296 322  296 324  296 326  296 326  
297 76  297 90  297 246  297 323  297 328  297 329  
298 31  298 42  298 60  298 316  298 319  
299 73  299 199  299 241  299 277  
300 0  300 11  300 20  300 35  300 38  300 39  300 41  300 51  300 60  300 63  300 77  300 86  300 94  300 108  300 125  300 129  300 132  300 134  300 146  300 164  300 164  300 179  300 207  300 219  300 223  300 240  300 248  300 271  300 271  300 286  
301 9  301 13  301 35  301 35  301 60  301 64  301 78  301 93  301 101  301 103  301 109  301 136  301 147  301 159  301 168  301 170  301 173  301 183  301 187  301 187  301 187  301 194  301 196  301 199  301 206  301 211  301 216  301 241  301 270  301 299  
302 7  302 9  302 30  302 31  302 56  302 56  302 64  302 64  302 69  302 70  302 70  302 75  302 90  302 99  302 117  302 126  302 132  302 146  302 154  302 163  302 192  302 203  302 217  302 227  302 242  302 246  302 258  302 270  302 276  302 291  
303 16  303 24  303 51  303 63  303 87  303 93  303 107  303 114  303 136  303 144  303 153  303 167  303 172  303 185  303 190  303 197  303 210  303 222  303 235  303 246  303 260  303 265  303 265  303 276  303 279  303 284  303 287  303 291  303 296  303 299  
304 13  304 34  304 43  304 53  304 59  304 66  304 74  304 93  304 93  304 102  304 105  304 115  304 116  304 129  304 132  304 142  304 142  304 153  304 180  304 185  304 190  304 198  304 226  304 234  304 235  304 244  304 245  304 246  304 259  304 279  
305 7  305 11  305 17  305 21  305 23  305 24  305 29  305 75  305 93  305 104  305 106  305 116  305 120  305 128  305 146  305 158  305 164  305 166  305 166  305 205  305 219  305 225  305 227  305 230  305 231  305 240  305 264  305 272  305 277  305 293  
306 1  306 10  306 20  306 34  306 58  306 76  306 93  306 95  306 100  306 115  306 122  306 136  306 146  306 176  306 183  306 203  306 207  306 214  306 219  306 219  306 221  306 225  306 226  306 226  306 239  306 270  306 285  306 290  306 294  306 299  
307 17  307 23  307 34  307 37  307 56  307 67  307 94  307 96  307 112  307 113  307 117  307 124  307 128  307 131  307 146  307 172  307 183  307 195  307 196  307 204  307 208  307 225  307 227  307 232  307 244  307 249  307 255  307 261  307 287  307 288  
308 0  308 7  308 7  308 9  308 23  308 39  308 39  308 41  308 48  308 54  308 101  308 107  308 109  308 155  308 169  308 181  308 192  308 202  308 207  308 209  308 226  308 230  308 237  308 255  308 258  308 260  308 260  308 261  308 276  308 296  
309 6  309 22  309 23  309 32  309 36  309 44  309 45  309 45  309 48  309 53  309 64  309 69  309 77  309 78  309 95  309 102  309 138  309 183  309 208  309 217  309 222  309 223  309 227  309 229  309 258  309 260  309 273  309 276  309 277  309 287  
310 0  310 2  310 6  310 14  310 21  310 22  310 43  310 46  310 53  310 57  310 73  310 98  310 100  310 116  310 129  310 159  310 164  310 170  310 199  310 206  310 231  310 232  310 236  310 237  310 238  310 249  310 265  310 273  310 275  310 297  
311 7  311 7  311 9  311 16  311 43  311 48  311 88  311 88  311 92  311 98  311 101  311 106  311 111  311 119  311 146  311 161  311 167  311 175  311 177  311 203  311 220  311 235  311 238  311 243  311 250  311 260  311 268  311 269  311 275  311 280  
312 2  312 8  312 20  312 42  312 52  312 54  312 56  312 72  312 105  312 128  312 132  312 145  312 164  312 170  312 171  312 176  312 214  312 217  312 223  312 248  312 253  312 254  312 265  312 265  312 282  312 285  312 288  312 288  312 294  312 299  
313 1  313 18  313 26  313 28  313 33  313 51  313 58  313 66  313 79  313 87  313 89  313 93  313 106  313 117  313 118  313 128  313 129  313 133  313 140  313 141  313 151  313 167  313 195  313 196  313 220  313 253  313 256  313 265  313 274  313 277  
314 1  314 6  314 12  314 14  314 14  314 21  314 39  314 40  314 44  314 75  314 86  314 105  314 112  314 145  314 175  314 176  314 183  314 184  314 203  314 206  314 212  314 223  314 225  314 246  314 257  314 263  314 264  314 276  314 280  314 295  















