10 10
0.01000 0.01000 0.01000 0.01000 0.46000 0.01000 0.01000 0.46000 0.01000 0.01000 
0.01000 0.01000 0.91000 0.01000 0.01000 0.01000 0.01000 0.01000 0.01000 0.01000 
0.19000 0.19000 0.19000 0.01000 0.01000 0.01000 0.19000 0.01000 0.19000 0.01000 
0.01000 0.01000 0.01000 0.01000 0.01000 0.01000 0.01000 0.01000 0.01000 0.91000 
0.01000 0.23500 0.01000 0.01000 0.01000 0.01000 0.23500 0.23500 0.01000 0.23500 
0.10000 0.10000 0.10000 0.10000 0.10000 0.10000 0.10000 0.10000 0.10000 0.10000 
0.31000 0.01000 0.16000 0.31000 0.01000 0.01000 0.01000 0.01000 0.16000 0.01000 
0.12250 0.12250 0.01000 0.23500 0.12250 0.12250 0.01000 0.23500 0.01000 0.01000 
0.01000 0.01000 0.46000 0.01000 0.01000 0.01000 0.01000 0.46000 0.01000 0.01000 
0.01000 0.01000 0.01000 0.01000 0.01000 0.01000 0.01000 0.01000 0.01000 0.91000 
