330
117 233
151 108
1 83
147 24
149 63
56 83
46 4
39 243
231 216
198 124
3 71
67 250
205 158
148 188
40 183
218 280
257 177
249 230
99 177
116 185
25 244
222 175
222 121
144 114
118 95
205 99
49 84
1 188
75 286
34 227
135 223
46 249
52 204
66 273
94 138
183 209
297 16
100 259
258 69
256 129
103 55
210 75
60 194
43 263
23 87
115 87
292 69
284 99
172 269
84 158
168 30
45 279
83 63
20 33
288 138
132 247
245 187
105 207
70 153
150 49
170 94
291 172
233 153
83 198
111 97
133 125
0 13
58 139
297 222
77 102
218 106
191 41
138 247
46 34
29 17
117 268
104 54
37 114
12 227
191 203
65 55
199 269
90 19
33 138
183 121
6 113
267 87
106 54
171 16
289 217
183 131
292 147
109 40
55 36
216 43
221 165
295 32
268 224
26 244
250 290
206 151
261 104
255 99
215 226
111 222
146 247
166 205
8 299
244 103
283 176
161 249
184 76
65 207
65 280
293 53
205 78
18 116
228 161
146 260
201 33
280 64
21 110
213 232
100 183
125 104
126 140
123 257
97 105
155 101
194 74
190 252
199 211
15 54
264 125
136 56
282 116
143 10
241 132
52 220
33 3
106 186
1 125
263 111
182 86
28 181
112 214
24 206
216 295
132 266
113 124
5 101
274 50
23 114
156 262
292 129
154 255
245 238
82 246
131 239
282 9
141 248
0 215
277 135
119 37
222 258
136 181
62 298
65 191
258 73
128 92
235 120
288 8
42 132
130 53
89 145
15 94
273 182
101 74
40 180
8 277
276 106
238 154
150 54
8 3
261 262
2 66
131 295
162 281
215 3
269 248
228 241
53 179
261 206
214 247
270 139
184 3
276 33
106 273
145 259
239 143
171 150
207 227
251 183
56 2
66 71
274 280
224 220
80 82
29 268
255 46
65 21
122 32
131 196
27 235
15 284
188 298
194 192
289 48
19 89
131 23
19 293
51 17
297 160
285 246
180 97
279 199
70 183
266 235
168 42
121 251
76 169
90 276
279 201
29 61
143 183
14 209
192 245
235 210
231 134
272 236
195 161
52 145
194 111
121 225
81 96
35 59
160 285
282 186
61 60
95 6
123 283
226 83
107 102
137 17
22 291
56 79
238 159
268 213
52 103
110 236
299 174
59 125
272 118
234 187
173 295
267 87
200 247
210 245
188 248
251 100
179 85
97 155
113 116
168 203
280 1
90 278
9 103
75 134
258 79
242 79
63 298
204 203
164 229
210 56
160 273
47 132
49 41
247 232
175 59
185 163
114 155
88 159
0 291
133 90
176 104
88 286
250 118
236 23
197 135
291 79
95 254
218 140
196 24
135 254
4 200
113 76
63 87
229 97
108 195
239 24
217 9
115 5
79 79
202 291
134 247
68 298
209 282
56 298
260 208
81 214
182 241
237 296
209 23
92 210
224 182
242 18
77 290
168 215
10 140
41 227
171 43
166 1
253 54
110 200
265 247
136 195
167 43
141 221
230 273
217 29
138 46
126 154
237 247
209 192
58 177
54 114
248 233
144 261
224 277
250 251
59 115
204 78
39 25
225 228
60 111
125 194
195 20
143 265
135 168
38 85
76 43
114 73
229 252
54 265
238 236
148 127
103 146
190 77
184 201
8 264
181 256
147 22
70 190
109 198
9 273
138 105
172 166
283 264
147 7
269 277
246 70
82 48
232 14
285 254
4 223
288 171
281 23
167 60
209 0
283 227
170 42
81 268
281 169
142 247
197 96
268 238
213 257
23 277
133 253
113 233
103 112
267 267
246 18
114 260
216 165
227 74
98 211
160 154
24 121
119 62
262 106
28 19
222 113
270 131
44 254
283 64
67 19
67 37
9 268
136 99
77 78
36 80
273 64
122 64
61 21
286 204
212 153
96 4
2 155
229 130
41 20
290 41
262 49
294 161
231 253
259 91
2 10
233 57
271 122
91 157
235 13
251 282
99 205
224 117
141 263
14 126
226 201
175 191
68 206
30 202
243 181
129 26
43 74
167 61
160 147
276 169
211 131
21 76
281 225
1 295
7 280
103 50
12 104
133 102
195 253
49 285
68 216
194 92
14 69
59 95
145 272
80 20
117 109
102 166
179 23
10 189
7 226
14 31
112 81
33 155
125 186
196 187
16 41
165 259
5 40
195 20
65 73
244 59
4 247
237 59
14 206
32 275
110 190
96 78
121 203
41 185
138 290
143 261
135 122
170 269
196 270
180 52
299 99
239 229
137 86
61 9
141 194
82 134
251 160
129 184
135 228
236 64
223 293
50 234
251 22
90 165
1 136
78 43
117 84
90 191
280 69
7 54
248 143
5 140
159 19
285 104
202 219
247 9
156 90
20 184
22 145
176 152
238 205
121 240
243 102
96 99
176 189
176 15
111 277
76 84
62 276
160 240
138 260
229 11
125 258
295 25
58 143
209 168
3 26
201 125
155 67
153 55
230 105
58 115
158 272
227 279
3 22
266 106
196 79
3 278
173 104
146 91
25 12
236 11
77 283
233 248
54 40
150 198
105 146
14 248
137 156
99 223
147 230
134 252
58 188
147 158
281 61
220 79
110 181
253 21
204 27
243 262
281 254
10 113
158 144
260 24
57 61
59 43
2 235
186 274
150 119
240 236
176 24
163 272
157 292
269 240
276 234
233 286
27 95
93 115
21 90
276 12
221 136
299 23
224 54
12 74
255 64
207 3
216 130
201 135
178 98
143 182
200 129
81 98
104 249
60 64
110 233
137 68
29 115
12 239
28 46
74 42
201 175
131 75
218 178
59 253
246 171
280 182
141 40
49 52
124 138
203 60
204 240
141 287
281 47
265 224
102 100
254 123
216 136
253 280
209 97
181 199
176 39
35 73
170 74
282 49
167 56
52 200
40 215
15 174
57 140
135 125
164 219
289 85
192 243
184 219
51 255
291 296
271 198
132 45
229 164
33 1
110 274
282 67
273 159
298 117
221 238
229 2
68 20
147 8
70 56
24 223
9 294
149 179
9 129
292 176
148 193
196 175
7 67
258 269
212 248
64 76
130 90
200 72
66 203
128 207
28 203
178 140
98 89
291 103
157 54
215 158
139 46
92 72
176 181
122 254
69 261
63 187
102 246
31 182
120 75
288 255
208 113
29 23
247 270
45 61
212 142
79 117
43 118
5 125
72 115
121 247
268 211
272 273
295 39
38 288
100 172
251 188
225 96
222 47
16 105
203 37
12 110
98 55
292 118
14 295
191 185
176 255
40 37
243 180
92 154
2 163
94 79
53 170
275 261
136 64
117 264
164 30
14 72
144 79
17 37
245 33
45 102
250 162
226 88
112 158
41 109
166 101
168 212
53 37
79 72
75 202
245 128
10 154
3 174
216 53
4 28
185 90
266 264
92 61
41 288
123 171
19 54
211 264
168 106
45 244
115 34
164 118
161 3
187 11
202 286
86 22
18 86
293 189
239 18
41 259
30 63
196 261
28 271
104 116
74 134
231 256
101 145
30 91
184 153
64 146
31 182
199 121
182 220
178 247
15 152
57 80
253 28
111 174
34 174
165 291
160 299
33 281
43 251
10 57
283 45
58 219
110 168
274 118
26 282
1 112
198 234
157 292
37 73
99 7
183 237
11 119
83 137
29 135
11 222
151 221
78 28
27 253
212 6
183 126
235 35
152 103
152 32
21 36
51 146
242 256
249 58
125 279
110 290
240 29
212 195
113 114
56 157
192 269
55 34
227 92
28 127
212 50
109 166
215 211
279 24
10 33
71 199
188 152
99 103
6 172
243 227
37 56
18 153
169 79
45 230
225 124
30 115
173 47
25 188
297 217
248 83
149 1
274 174
43 148
7 195
243 89
2 156
102 215
60 171
173 115
112 169
266 90
25 79
167 67
40 30
147 83
227 34
269 62
112 242
134 101
50 76
139 205
263 196
145 100
193 188
98 177
106 282
21 195
188 190
222 117
191 40
67 56
196 58
99 6
170 18
202 27
43 218
294 267
272 226
285 278
70 251
299 20
114 7
267 86
232 300
76 300
46 300
123 300
277 300
82 300
108 300
104 300
126 300
54 300
243 300
241 300
117 300
96 300
274 300
296 300
155 300
174 300
0 300
209 300
203 300
245 300
6 300
201 300
223 300
217 300
175 300
241 300
245 300
131 300
259 301
191 301
161 301
247 301
298 301
239 301
26 301
276 301
23 301
231 301
294 301
78 301
189 301
169 301
224 301
3 301
115 301
274 301
205 301
155 301
92 301
260 301
127 301
263 301
25 301
70 301
55 301
122 301
188 301
224 301
105 302
89 302
233 302
178 302
270 302
36 302
8 302
94 302
170 302
254 302
206 302
246 302
292 302
296 302
145 302
16 302
191 302
295 302
200 302
272 302
170 302
118 302
72 302
244 302
52 302
179 302
38 302
260 302
287 302
49 302
20 303
169 303
260 303
195 303
154 303
204 303
148 303
237 303
206 303
288 303
61 303
200 303
169 303
292 303
275 303
193 303
99 303
207 303
274 303
232 303
157 303
79 303
122 303
127 303
78 303
181 303
231 303
280 303
103 303
71 303
155 304
98 304
100 304
196 304
212 304
284 304
129 304
276 304
91 304
46 304
98 304
68 304
7 304
211 304
51 304
89 304
116 304
136 304
175 304
70 304
237 304
289 304
103 304
37 304
185 304
153 304
279 304
183 304
166 304
128 304
38 305
155 305
274 305
190 305
53 305
176 305
155 305
272 305
283 305
98 305
266 305
34 305
138 305
56 305
189 305
93 305
100 305
281 305
283 305
130 305
260 305
77 305
297 305
100 305
29 305
56 305
122 305
112 305
236 305
121 305
59 306
270 306
15 306
209 306
1 306
153 306
141 306
270 306
236 306
155 306
182 306
263 306
74 306
94 306
111 306
138 306
94 306
267 306
101 306
249 306
283 306
202 306
20 306
228 306
137 306
276 306
212 306
19 306
246 306
93 306
59 307
128 307
285 307
298 307
265 307
188 307
195 307
74 307
21 307
230 307
108 307
209 307
293 307
90 307
71 307
106 307
165 307
199 307
258 307
233 307
241 307
76 307
129 307
66 307
145 307
114 307
124 307
221 307
111 307
31 307
52 308
156 308
257 308
48 308
283 308
7 308
24 308
152 308
10 308
169 308
133 308
76 308
233 308
114 308
178 308
115 308
252 308
37 308
80 308
179 308
237 308
268 308
128 308
79 308
160 308
162 308
225 308
32 308
236 308
11 308
287 309
55 309
173 309
88 309
114 309
176 309
64 309
123 309
157 309
73 309
204 309
172 309
76 309
47 309
85 309
10 309
257 309
102 309
106 309
251 309
164 309
161 309
159 309
242 309
187 309
144 309
106 309
87 309
262 309
122 309
200 310
282 310
71 310
143 310
165 310
26 310
270 310
94 310
5 310
177 310
11 310
20 310
41 310
176 310
148 310
192 310
186 310
61 310
142 310
36 310
21 310
101 310
69 310
263 310
152 310
29 310
106 310
77 310
37 310
284 310
209 311
151 311
37 311
278 311
183 311
255 311
263 311
233 311
172 311
100 311
15 311
85 311
238 311
160 311
178 311
175 311
212 311
251 311
198 311
243 311
214 311
236 311
208 311
194 311
135 311
263 311
53 311
119 311
119 311
157 311
261 312
146 312
202 312
289 312
17 312
247 312
216 312
120 312
165 312
142 312
82 312
235 312
55 312
187 312
15 312
98 312
111 312
33 312
271 312
112 312
116 312
8 312
273 312
151 312
84 312
27 312
169 312
13 312
132 312
242 312
289 313
109 313
227 313
105 313
61 313
54 313
70 313
105 313
281 313
185 313
128 313
152 313
7 313
91 313
220 313
51 313
70 313
208 313
128 313
297 313
75 313
239 313
240 313
12 313
242 313
287 313
172 313
48 313
237 313
139 313
215 314
268 314
169 314
72 314
239 314
144 314
226 314
215 314
154 314
153 314
290 314
54 314
163 314
108 314
230 314
39 314
1 314
57 314
161 314
220 314
220 314
180 314
38 314
271 314
18 314
211 314
233 314
266 314
254 314
192 314
315 133
315 148
315 269
315 95
315 273
315 294
315 253
315 203
315 37
315 176
315 251
315 1
315 8
315 283
315 124
315 1
315 272
315 165
315 96
315 117
315 219
315 261
315 44
315 134
315 277
315 165
315 159
315 241
315 275
315 195
316 192
316 88
316 86
316 55
316 106
316 53
316 64
316 271
316 180
316 251
316 229
316 240
316 188
316 10
316 62
316 293
316 151
316 24
316 94
316 35
316 245
316 183
316 21
316 68
316 195
316 117
316 280
316 81
316 213
316 251
317 207
317 186
317 110
317 139
317 289
317 297
317 98
317 296
317 63
317 52
317 65
317 148
317 128
317 20
317 241
317 232
317 205
317 135
317 14
317 160
317 146
317 129
317 126
317 211
317 193
317 19
317 282
317 220
317 27
317 187
318 82
318 219
318 157
318 288
318 237
318 233
318 232
318 25
318 130
318 202
318 69
318 112
318 279
318 273
318 5
318 193
318 99
318 299
318 72
318 150
318 143
318 42
318 281
318 237
318 125
318 89
318 110
318 164
318 153
318 61
319 42
319 34
319 93
319 238
319 126
319 160
319 69
319 116
319 252
319 33
319 256
319 73
319 99
319 163
319 39
319 55
319 235
319 112
319 72
319 104
319 24
319 212
319 79
319 170
319 295
319 222
319 152
319 222
319 185
319 135
320 240
320 184
320 269
320 172
320 202
320 12
320 33
320 2
320 126
320 145
320 165
320 251
320 226
320 92
320 244
320 249
320 25
320 105
320 183
320 56
320 166
320 41
320 60
320 15
320 53
320 95
320 112
320 171
320 101
320 156
321 281
321 62
321 50
321 250
321 152
321 67
321 53
321 86
321 207
321 51
321 235
321 226
321 163
321 52
321 187
321 270
321 244
321 187
321 241
321 104
321 158
321 11
321 72
321 155
321 264
321 254
321 138
321 201
321 144
321 89
322 235
322 76
322 223
322 195
322 160
322 75
322 199
322 15
322 283
322 86
322 167
322 206
322 277
322 143
322 209
322 208
322 267
322 117
322 72
322 264
322 74
322 55
322 118
322 187
322 298
322 255
322 45
322 142
322 121
322 225
323 270
323 36
323 286
323 166
323 102
323 157
323 173
323 94
323 105
323 130
323 170
323 134
323 81
323 79
323 183
323 56
323 121
323 295
323 182
323 224
323 95
323 204
323 184
323 267
323 244
323 90
323 232
323 63
323 242
323 14
324 104
324 3
324 160
324 7
324 122
324 35
324 250
324 209
324 234
324 135
324 60
324 182
324 176
324 188
324 218
324 190
324 154
324 71
324 230
324 168
324 169
324 107
324 142
324 44
324 57
324 31
324 108
324 200
324 90
324 265
325 160
325 286
325 281
325 154
325 229
325 211
325 8
325 1
325 256
325 194
325 283
325 132
325 210
325 244
325 196
325 137
325 121
325 208
325 234
325 239
325 59
325 41
325 206
325 186
325 296
325 107
325 275
325 104
325 5
325 283
326 296
326 11
326 114
326 290
326 224
326 11
326 196
326 93
326 174
326 201
326 147
326 56
326 83
326 14
326 196
326 188
326 238
326 42
326 35
326 16
326 154
326 30
326 286
326 12
326 255
326 173
326 97
326 101
326 99
326 246
327 97
327 225
327 247
327 83
327 116
327 58
327 283
327 177
327 214
327 86
327 54
327 252
327 112
327 119
327 255
327 115
327 263
327 178
327 118
327 270
327 199
327 6
327 224
327 112
327 281
327 1
327 219
327 267
327 114
327 262
328 244
328 116
328 299
328 35
328 10
328 19
328 163
328 199
328 0
328 168
328 256
328 285
328 71
328 40
328 38
328 51
328 91
328 203
328 229
328 166
328 180
328 16
328 202
328 143
328 157
328 286
328 261
328 258
328 202
328 290
329 90
329 27
329 235
329 70
329 82
329 253
329 157
329 293
329 166
329 52
329 207
329 202
329 260
329 137
329 13
329 207
329 93
329 97
329 62
329 53
329 199
329 183
329 33
329 242
329 131
329 269
329 288
329 60
329 282
329 49
