330
98 204
282 75
266 152
107 76
230 253
19 180
180 123
161 227
47 41
235 156
69 232
265 33
297 17
154 208
248 25
223 88
160 224
217 196
273 126
195 234
54 76
85 158
156 275
169 266
218 236
97 87
216 53
8 173
204 119
114 10
268 31
35 96
56 201
279 257
131 288
101 237
64 111
164 120
206 174
272 152
2 20
56 48
61 16
19 208
8 72
150 13
223 110
91 289
250 116
15 261
150 221
218 181
202 26
264 220
148 197
267 171
208 32
249 131
55 274
253 138
11 284
143 125
200 22
63 28
89 133
211 269
19 57
167 132
5 100
55 45
268 215
110 10
76 261
84 32
182 283
109 38
122 267
73 218
170 111
6 65
225 296
183 258
37 256
146 206
145 181
65 137
169 142
81 210
45 74
75 135
32 122
115 181
230 42
66 180
74 90
263 136
14 0
240 36
19 265
256 132
145 229
271 288
95 258
128 95
79 128
137 278
141 88
91 37
64 111
212 45
285 6
243 229
83 235
23 153
76 245
191 86
68 29
253 3
231 108
186 275
180 154
65 87
110 58
79 40
12 14
164 204
43 71
275 119
179 208
217 167
273 177
221 100
183 180
25 253
79 176
262 123
71 108
84 292
100 134
159 140
231 251
0 186
173 278
239 192
90 38
144 0
58 239
131 148
102 161
44 187
5 34
8 131
154 213
275 213
297 164
31 225
122 89
277 209
166 84
69 229
42 227
221 162
167 69
51 3
100 69
93 230
166 164
161 136
147 163
75 125
158 227
176 14
280 233
43 119
142 273
32 73
269 4
1 251
107 183
150 75
103 33
38 147
106 261
157 26
187 203
259 93
128 8
94 234
27 185
37 192
190 89
183 76
61 249
187 227
210 193
108 220
252 4
56 195
235 0
26 216
221 194
181 85
134 36
210 263
108 162
256 216
77 154
193 106
185 184
221 264
164 75
168 120
44 221
51 235
75 191
258 103
60 240
208 162
253 2
264 57
76 106
1 150
237 47
155 144
278 148
145 77
20 33
155 51
247 248
27 129
186 99
242 194
112 200
20 140
253 154
167 43
239 258
98 252
131 168
262 48
224 241
144 116
72 125
78 209
93 187
253 209
267 245
87 107
97 170
283 227
117 61
41 191
89 7
90 88
287 77
260 295
98 244
153 149
211 267
198 128
236 173
290 20
26 179
111 255
224 138
202 235
31 156
26 65
107 120
8 12
208 201
180 94
184 212
154 6
259 16
280 257
99 233
200 140
133 226
108 295
55 24
247 71
152 58
166 142
37 245
118 26
262 22
239 81
179 253
231 110
73 223
114 24
89 225
32 175
245 16
190 55
136 79
154 296
155 259
73 211
242 83
136 205
45 237
224 281
255 63
115 272
25 263
113 171
282 159
272 125
104 75
203 244
105 178
2 66
51 294
155 242
129 45
29 12
113 199
140 252
114 55
294 69
60 141
189 61
90 279
280 32
112 205
122 223
179 70
160 243
175 281
236 139
254 176
280 70
199 220
44 200
203 150
205 195
23 272
195 164
106 31
100 294
178 30
211 64
13 16
120 282
61 144
32 154
297 57
134 128
199 66
247 68
16 149
91 282
71 133
153 119
113 100
234 265
149 219
73 274
30 294
93 295
81 100
20 193
116 283
118 86
32 211
94 205
59 180
249 108
247 299
250 165
176 29
8 219
1 188
158 103
133 185
285 191
164 29
265 81
275 115
138 203
178 179
118 5
1 15
34 265
139 40
12 251
9 103
199 96
122 70
64 118
288 28
249 85
90 116
238 214
248 4
45 181
191 249
69 222
197 269
256 211
111 109
248 123
212 17
44 122
154 64
195 60
284 55
116 187
160 66
198 178
293 297
283 118
286 248
17 265
276 69
236 0
210 192
281 82
290 12
22 3
22 163
208 70
163 201
85 164
133 204
251 148
106 11
206 44
298 209
36 59
224 201
51 275
42 38
37 21
40 293
213 291
135 249
228 194
136 282
11 83
54 233
89 259
251 186
76 121
224 204
250 188
19 28
143 249
232 67
124 29
117 217
228 231
153 264
42 258
258 257
248 215
236 182
298 55
60 110
130 31
230 262
72 12
261 188
111 252
54 248
177 184
274 257
116 180
246 168
159 128
196 262
178 30
139 224
143 109
112 224
26 229
142 50
199 58
164 265
271 159
235 254
283 105
78 139
150 200
12 252
261 31
255 113
112 257
5 264
230 121
283 298
164 276
206 136
197 282
129 131
297 287
140 292
77 90
0 62
80 227
177 44
113 66
92 94
267 222
182 212
142 90
279 79
79 245
124 25
55 215
189 170
36 274
122 207
15 226
177 183
267 16
174 279
257 74
197 15
115 60
212 22
48 63
233 24
210 101
269 171
9 76
33 74
93 126
55 166
26 175
160 182
192 58
288 152
78 199
156 140
210 6
105 109
287 254
187 298
150 61
270 163
153 163
298 110
95 144
44 209
27 228
218 101
36 177
281 37
147 11
278 102
189 52
177 44
134 42
239 151
258 124
73 284
115 21
45 70
34 24
298 178
229 47
38 63
238 296
194 85
136 113
10 281
149 291
72 20
228 47
179 70
60 274
182 151
9 80
4 88
174 133
192 26
5 168
185 52
228 85
20 105
111 217
20 264
297 126
254 294
288 72
83 107
17 168
167 124
270 73
192 36
146 157
97 197
142 293
45 88
234 176
52 105
99 0
150 78
75 260
274 108
196 127
97 82
69 87
251 92
51 226
14 200
206 229
281 274
58 41
35 159
163 157
112 21
28 29
161 0
65 255
115 274
260 28
287 155
55 172
276 134
209 125
234 216
177 28
196 119
205 89
299 236
59 247
44 110
44 67
229 134
60 75
110 150
44 265
266 284
210 26
236 58
55 56
217 199
263 55
228 171
42 81
72 68
39 31
295 231
5 152
41 78
219 194
35 77
286 254
96 45
231 201
290 208
182 19
55 135
135 281
235 27
279 210
116 238
295 287
160 88
245 247
43 149
192 289
76 299
76 257
71 42
224 147
251 254
277 23
63 251
195 75
244 100
103 179
140 11
276 76
8 156
16 272
83 297
119 97
75 254
122 78
263 76
226 152
46 152
289 149
46 262
216 5
40 45
176 37
187 40
53 212
282 279
208 205
214 282
210 57
46 42
82 237
153 101
96 42
252 279
192 94
151 194
156 108
14 268
6 187
2 61
242 204
274 146
136 263
81 240
92 221
168 167
177 215
133 53
85 66
11 144
110 281
285 72
145 48
1 202
197 270
269 258
216 79
273 136
109 250
176 109
38 142
256 156
175 80
83 46
284 52
116 179
224 56
212 0
249 233
281 266
270 228
28 297
288 174
189 143
172 195
179 42
167 37
201 252
251 80
126 52
143 138
171 292
147 151
25 0
7 24
262 290
164 234
165 244
68 105
55 278
123 144
59 285
19 225
191 176
124 18
253 255
161 78
30 12
183 125
93 234
150 201
234 126
5 107
77 55
190 210
1 139
202 48
63 241
9 39
102 77
65 197
25 273
64 124
109 193
252 82
180 101
183 122
201 22
257 291
110 39
229 69
299 259
62 10
171 299
250 116
168 44
186 44
155 265
43 184
273 6
98 59
144 108
251 42
288 183
144 219
180 197
275 100
296 34
206 18
236 143
56 257
223 2
97 106
256 3
277 251
296 294
165 92
105 214
81 217
18 95
47 47
256 237
192 224
106 218
207 43
187 137
215 64
220 277
144 224
271 129
227 13
101 116
152 61
97 50
89 78
72 33
78 60
30 262
156 114
286 98
0 225
13 80
247 259
225 140
18 177
176 175
106 29
70 251
45 201
84 117
175 180
217 243
229 163
154 39
55 108
90 143
46 219
127 142
222 163
182 22
141 106
55 273
23 292
231 188
16 194
57 55
81 29
13 193
292 34
260 132
174 108
288 228
74 127
295 68
265 67
60 210
125 113
255 226
106 56
123 287
108 140
211 289
135 182
192 5
159 264
42 119
155 49
69 32
2 3
148 268
133 64
71 214
11 230
114 160
91 145
227 113
284 90
282 148
261 224
216 159
195 264
131 300
185 300
124 300
138 300
12 300
111 300
24 300
26 300
62 300
267 300
65 300
164 300
61 300
6 300
75 300
168 300
56 300
198 300
232 300
152 300
260 300
266 300
178 300
265 300
113 300
107 300
76 300
186 300
149 300
79 300
104 301
278 301
41 301
47 301
177 301
160 301
21 301
246 301
205 301
183 301
178 301
141 301
117 301
36 301
199 301
272 301
98 301
82 301
291 301
6 301
154 301
68 301
243 301
212 301
110 301
254 301
161 301
1 301
16 301
261 301
92 302
162 302
143 302
276 302
285 302
178 302
50 302
242 302
109 302
3 302
119 302
148 302
19 302
245 302
193 302
205 302
64 302
9 302
184 302
30 302
66 302
258 302
241 302
179 302
89 302
72 302
99 302
166 302
222 302
39 302
274 303
80 303
275 303
65 303
122 303
39 303
117 303
213 303
245 303
298 303
84 303
183 303
40 303
127 303
293 303
3 303
286 303
225 303
81 303
234 303
2 303
201 303
62 303
149 303
254 303
255 303
33 303
284 303
116 303
92 303
60 304
28 304
164 304
268 304
201 304
143 304
20 304
105 304
117 304
74 304
145 304
240 304
217 304
31 304
142 304
82 304
177 304
54 304
266 304
6 304
265 304
187 304
34 304
229 304
25 304
3 304
188 304
207 304
286 304
261 304
248 305
274 305
295 305
190 305
206 305
146 305
110 305
10 305
3 305
29 305
152 305
148 305
233 305
12 305
150 305
64 305
66 305
192 305
196 305
191 305
8 305
59 305
195 305
214 305
159 305
211 305
176 305
184 305
185 305
297 305
232 306
159 306
77 306
93 306
290 306
49 306
250 306
135 306
28 306
94 306
56 306
182 306
230 306
82 306
154 306
227 306
69 306
288 306
269 306
143 306
153 306
132 306
239 306
155 306
179 306
185 306
1 306
140 306
247 306
246 306
14 307
215 307
17 307
147 307
19 307
1 307
3 307
82 307
16 307
250 307
178 307
211 307
87 307
93 307
53 307
181 307
282 307
182 307
203 307
159 307
190 307
258 307
86 307
179 307
29 307
239 307
74 307
117 307
155 307
145 307
224 308
17 308
292 308
264 308
293 308
55 308
164 308
44 308
187 308
110 308
104 308
286 308
149 308
81 308
2 308
27 308
237 308
275 308
61 308
48 308
234 308
113 308
3 308
74 308
83 308
202 308
296 308
256 308
107 308
222 308
226 309
116 309
136 309
128 309
289 309
106 309
103 309
210 309
80 309
50 309
24 309
120 309
207 309
7 309
234 309
29 309
77 309
171 309
158 309
119 309
57 309
253 309
162 309
157 309
245 309
42 309
82 309
145 309
21 309
296 309
51 310
180 310
203 310
150 310
192 310
35 310
21 310
128 310
167 310
243 310
230 310
281 310
25 310
45 310
33 310
247 310
174 310
86 310
250 310
252 310
93 310
48 310
40 310
126 310
112 310
217 310
28 310
183 310
296 310
56 310
237 311
78 311
203 311
33 311
77 311
69 311
221 311
98 311
220 311
73 311
166 311
252 311
17 311
294 311
68 311
299 311
204 311
235 311
104 311
224 311
208 311
137 311
52 311
197 311
29 311
257 311
47 311
15 311
38 311
26 311
98 312
103 312
79 312
140 312
84 312
256 312
51 312
36 312
139 312
91 312
270 312
9 312
155 312
265 312
274 312
267 312
244 312
148 312
279 312
203 312
4 312
275 312
29 312
234 312
72 312
119 312
100 312
176 312
21 312
105 312
242 313
126 313
193 313
65 313
292 313
97 313
289 313
164 313
18 313
160 313
272 313
271 313
73 313
171 313
260 313
224 313
154 313
215 313
149 313
257 313
232 313
269 313
294 313
190 313
208 313
206 313
70 313
54 313
14 313
12 313
120 314
162 314
37 314
155 314
283 314
67 314
213 314
34 314
200 314
81 314
17 314
108 314
186 314
202 314
198 314
70 314
166 314
126 314
167 314
252 314
56 314
286 314
176 314
267 314
119 314
225 314
15 314
278 314
27 314
289 314
315 271
315 284
315 122
315 116
315 260
315 157
315 187
315 269
315 120
315 244
315 27
315 262
315 243
315 90
315 230
315 292
315 26
315 59
315 168
315 203
315 237
315 225
315 181
315 1
315 30
315 226
315 60
315 33
315 149
315 128
316 48
316 19
316 40
316 204
316 268
316 259
316 134
316 136
316 218
316 262
316 80
316 233
316 215
316 69
316 51
316 236
316 205
316 94
316 264
316 37
316 265
316 152
316 55
316 227
316 251
316 166
316 15
316 285
316 81
316 112
317 6
317 56
317 232
317 68
317 52
317 65
317 188
317 261
317 86
317 244
317 283
317 171
317 231
317 206
317 71
317 144
317 247
317 64
317 290
317 110
317 73
317 152
317 22
317 240
317 134
317 194
317 180
317 199
317 295
317 145
318 269
318 230
318 63
318 133
318 281
318 49
318 226
318 135
318 288
318 199
318 284
318 206
318 61
318 37
318 175
318 31
318 250
318 265
318 129
318 203
318 17
318 76
318 286
318 160
318 73
318 255
318 211
318 248
318 111
318 252
319 60
319 271
319 256
319 275
319 215
319 262
319 279
319 212
319 53
319 83
319 152
319 233
319 62
319 268
319 221
319 265
319 138
319 180
319 253
319 185
319 87
319 179
319 44
319 119
319 285
319 29
319 104
319 159
319 247
319 216
320 136
320 151
320 122
320 13
320 171
320 120
320 72
320 149
320 292
320 173
320 47
320 52
320 213
320 134
320 3
320 155
320 295
320 165
320 268
320 132
320 274
320 48
320 43
320 30
320 231
320 263
320 216
320 256
320 22
320 68
321 109
321 264
321 82
321 20
321 80
321 237
321 189
321 196
321 52
321 19
321 261
321 23
321 247
321 246
321 97
321 219
321 4
321 64
321 8
321 266
321 78
321 293
321 245
321 9
321 137
321 259
321 107
321 243
321 105
321 30
322 36
322 132
322 216
322 296
322 101
322 174
322 40
322 253
322 213
322 291
322 46
322 54
322 238
322 20
322 92
322 109
322 18
322 147
322 195
322 223
322 226
322 284
322 231
322 93
322 165
322 297
322 37
322 162
322 212
322 228
323 40
323 106
323 271
323 216
323 59
323 225
323 58
323 220
323 291
323 153
323 138
323 224
323 239
323 298
323 0
323 281
323 274
323 14
323 148
323 65
323 16
323 90
323 48
323 28
323 253
323 30
323 205
323 56
323 7
323 228
324 161
324 74
324 195
324 233
324 205
324 251
324 65
324 36
324 23
324 298
324 122
324 271
324 157
324 219
324 142
324 11
324 6
324 25
324 137
324 42
324 97
324 288
324 180
324 181
324 3
324 150
324 17
324 291
324 179
324 186
325 109
325 73
325 158
325 129
325 274
325 191
325 40
325 173
325 208
325 146
325 180
325 35
325 260
325 25
325 269
325 77
325 243
325 27
325 104
325 141
325 29
325 38
325 254
325 218
325 184
325 117
325 103
325 252
325 124
325 288
326 279
326 122
326 50
326 257
326 102
326 282
326 129
326 157
326 256
326 48
326 219
326 255
326 154
326 40
326 144
326 23
326 34
326 43
326 97
326 68
326 3
326 78
326 225
326 105
326 242
326 192
326 170
326 251
326 98
326 26
327 283
327 205
327 31
327 70
327 181
327 69
327 167
327 183
327 61
327 77
327 248
327 210
327 108
327 119
327 99
327 124
327 199
327 258
327 57
327 224
327 17
327 151
327 257
327 168
327 270
327 226
327 87
327 100
327 35
327 160
328 112
328 143
328 262
328 133
328 93
328 98
328 120
328 174
328 50
328 47
328 169
328 1
328 224
328 196
328 46
328 206
328 192
328 39
328 258
328 260
328 62
328 127
328 82
328 41
328 20
328 212
328 129
328 75
328 188
328 240
329 230
329 184
329 7
329 124
329 176
329 191
329 285
329 156
329 178
329 196
329 194
329 206
329 114
329 277
329 100
329 48
329 74
329 57
329 52
329 146
329 65
329 73
329 245
329 69
329 179
329 170
329 161
329 117
329 268
329 90
