300
0 160 0 33 
1 241 1 26 1 38 
2 198 2 190 
3 161 3 33 
4 270 4 187 4 193 4 88 4 287 
5 246 5 190 
6 155 6 187 6 170 
7 176 7 38 
8 213 8 88 
9 46 9 88 
10 111 
11 77 
12 252 12 170 
13 232 
14 199 14 26 14 16 
15 200 15 190 
16 183 16 33 16 88 
17 224 17 33 
18 4 18 82 
19 61 19 67 19 82 
20 191 20 82 
21 169 21 38 21 88 21 287 
22 168 22 144 22 16 22 187 22 287 
23 60 23 144 23 88 
24 239 24 26 24 88 24 82 
25 227 
26 195 26 170 
27 26 27 193 
28 58 
29 157 
30 44 30 140 30 140 
31 151 31 82 
32 65 
33 132 33 144 33 33 
34 43 34 103 34 254 34 213 34 49 34 0 34 210 34 63 34 39 34 96 34 77 34 90 34 33 34 291 34 114 34 20 34 68 34 132 34 28 34 177 34 203 34 29 34 58 34 207 34 39 34 168 34 259 34 124 34 159 34 57 34 21 34 170 
35 251 35 38 35 287 
36 176 36 160 36 17 36 122 36 87 36 95 36 125 36 294 36 168 36 286 36 105 36 209 36 131 36 30 36 228 36 113 36 164 36 138 36 273 36 125 36 48 36 146 36 54 36 113 36 154 36 167 36 67 36 275 36 238 36 44 36 51 36 144 
37 107 37 38 37 190 37 140 
38 117 38 38 
39 282 39 190 39 193 
40 185 40 67 
41 274 41 107 41 63 41 38 41 15 41 263 41 215 41 75 41 293 41 111 41 86 41 252 41 0 41 48 41 104 41 227 41 40 41 33 41 100 41 160 41 76 41 288 41 149 41 285 41 145 41 25 41 125 41 31 41 6 41 154 41 48 41 16 41 170 
42 21 
43 141 43 26 43 26 
44 265 
45 57 45 190 45 140 
46 231 46 187 46 67 46 88 46 190 
47 84 47 287 
48 277 48 190 
49 81 49 38 
50 276 
51 228 51 287 
52 230 52 144 
53 142 53 187 53 193 53 88 
54 242 
55 269 55 170 55 170 55 170 
56 219 56 144 56 16 56 82 
57 269 57 33 57 187 
58 121 58 140 58 82 58 190 58 190 
59 60 
60 281 60 67 60 67 60 67 60 170 
61 81 61 26 61 82 61 287 61 170 
62 161 62 88 
63 79 63 38 
64 107 
65 217 65 38 65 193 
66 86 66 38 66 190 66 190 
67 68 
68 140 
69 290 69 290 69 167 69 184 69 244 69 20 69 228 69 181 69 176 69 51 69 67 69 22 69 6 69 106 69 40 69 247 69 64 69 79 69 41 69 96 69 131 69 113 69 291 69 2 69 272 69 149 69 143 69 56 69 166 69 139 69 4 69 38 69 67 
70 77 70 144 70 33 70 16 70 67 
71 34 71 190 
72 50 72 16 
73 95 73 190 73 187 73 67 
74 8 74 193 74 193 74 193 
75 241 75 287 75 190 
76 94 76 38 
77 239 77 33 
78 30 78 33 78 287 
79 290 79 67 79 157 79 108 79 13 79 223 79 258 79 61 79 294 79 284 79 43 79 267 79 270 79 163 79 154 79 137 79 274 79 146 79 234 79 174 79 296 79 215 79 281 79 71 79 269 79 180 79 216 79 216 79 49 79 278 79 54 79 82 
80 87 80 67 80 170 
81 297 81 144 81 67 81 287 
82 148 
83 127 83 144 83 26 83 170 
84 269 84 88 84 170 
85 107 85 33 85 190 
86 204 86 144 86 38 86 190 86 140 86 88 
87 11 
88 186 
89 109 89 33 89 187 
90 81 90 33 90 190 90 67 
91 181 91 144 91 187 
92 249 92 144 
93 158 93 26 93 26 93 190 93 170 
94 127 
95 260 95 144 
96 107 96 82 96 287 
97 239 
98 243 98 38 98 16 
99 168 99 269 99 26 99 276 99 188 99 220 99 151 99 80 99 106 99 221 99 68 99 86 99 31 99 108 99 111 99 216 99 233 99 123 99 215 99 269 99 31 99 211 99 1 99 52 99 256 99 52 99 213 99 166 99 219 99 113 99 277 99 193 99 287 
100 117 
101 39 101 144 101 26 101 38 
102 133 102 38 102 88 
103 106 103 33 
104 150 104 33 
105 77 105 82 
106 285 106 67 106 67 
107 39 107 88 
108 239 108 16 108 88 
109 245 109 190 109 16 109 170 
110 3 110 190 110 187 110 140 110 88 
111 279 111 33 
112 10 112 88 
113 42 
114 83 114 26 
115 53 115 88 
116 23 116 26 116 38 116 287 
117 187 
118 255 118 144 118 140 118 190 
119 60 119 33 119 193 119 82 
120 149 120 26 120 190 
121 282 121 26 
122 174 122 26 122 26 122 193 122 82 
123 201 123 33 123 140 123 170 
124 122 124 144 124 187 124 187 
125 211 125 22 125 139 125 229 125 39 125 77 125 201 125 105 125 187 125 121 125 255 125 195 125 206 125 70 125 297 125 223 125 223 125 123 125 279 125 30 125 256 125 113 125 110 125 55 125 29 125 113 125 62 125 21 125 60 125 185 125 12 
126 248 126 287 
127 77 127 33 
128 287 128 190 
129 93 129 144 
130 83 130 16 130 193 
131 154 131 82 
132 21 
133 2 133 26 133 33 133 38 133 170 
134 290 134 33 134 38 
135 28 135 193 135 88 135 170 
136 238 136 193 
137 28 137 144 137 82 
138 199 138 67 
139 193 139 88 139 82 139 170 
140 257 140 193 140 193 140 140 140 140 
141 227 141 82 
142 38 142 26 142 193 142 190 
143 139 143 190 
144 232 
145 222 145 48 145 121 145 213 145 18 145 222 145 6 145 7 145 131 145 171 145 41 145 8 145 55 145 21 145 32 145 41 145 259 145 79 145 60 145 62 145 276 145 222 145 263 145 71 145 133 145 218 145 8 145 49 145 157 145 3 145 37 145 88 145 190 
146 30 146 170 
147 106 
148 240 148 140 
149 213 149 140 149 287 
150 15 150 287 
151 84 151 16 
152 51 152 33 152 190 152 190 
153 81 153 33 153 190 153 190 
154 192 154 82 
155 77 155 140 155 82 
156 278 
157 49 157 144 157 144 157 38 157 187 157 193 157 67 
158 81 158 26 158 33 158 287 158 170 
159 52 159 67 159 67 
160 236 160 168 160 7 160 44 160 139 160 256 160 167 160 76 160 34 160 137 160 22 160 293 160 197 160 40 160 30 160 158 160 195 160 76 160 96 160 216 160 30 160 175 160 134 160 116 160 106 160 91 160 118 160 135 160 260 160 197 160 43 
161 199 161 67 161 140 
162 275 
163 180 163 33 
164 47 
165 69 165 190 
166 261 166 38 166 190 
167 277 167 26 167 67 167 190 
168 90 168 187 
169 290 169 82 
170 182 170 38 170 82 
171 53 171 193 171 170 171 170 
172 81 172 67 
173 63 
174 226 174 193 174 140 174 287 
175 145 175 287 
176 144 176 33 
177 190 177 88 177 82 
178 133 
179 222 179 16 179 140 
180 26 180 16 180 16 180 88 
181 103 181 190 
182 163 
183 272 183 88 183 82 
184 98 184 187 184 67 
185 95 185 38 185 287 185 287 
186 66 186 67 186 88 
187 185 187 193 187 67 187 82 187 190 187 190 
188 192 
189 259 
190 242 190 26 190 190 
191 61 191 16 
192 258 
193 94 193 277 193 88 193 213 193 229 193 257 193 135 193 178 193 202 193 2 193 212 193 177 193 113 193 262 193 5 193 282 193 31 193 185 193 288 193 22 193 91 193 115 193 255 193 111 193 285 193 8 193 27 193 261 193 123 193 86 193 208 193 26 193 16 
194 204 194 26 194 26 194 88 
195 3 195 26 
196 227 196 190 196 16 196 187 196 187 
197 24 197 82 197 170 
198 137 198 144 
199 285 199 38 
200 9 
201 266 201 187 
202 40 202 140 202 190 
203 70 203 26 203 187 
204 289 
205 205 
206 265 
207 23 207 180 207 177 207 75 207 284 207 72 207 74 207 95 207 132 207 275 207 67 207 19 207 163 207 70 207 219 207 224 207 44 207 125 207 195 207 31 207 278 207 240 207 288 207 104 207 80 207 69 207 80 207 7 207 158 207 2 207 176 207 16 
208 275 208 144 208 193 208 67 
209 268 209 82 
210 129 210 190 210 16 
211 11 
212 19 
213 288 213 190 
214 298 
215 297 215 144 215 26 
216 264 216 187 
217 53 217 88 
218 102 218 33 218 193 
219 61 
220 108 
221 62 221 144 221 33 221 16 221 187 
222 197 222 190 222 190 
223 35 223 33 
224 75 224 140 224 140 224 170 
225 267 
226 74 226 16 
227 44 
228 28 228 26 228 187 228 88 
229 282 229 67 229 67 
230 183 230 16 230 140 230 140 
231 48 231 190 231 16 
232 227 232 190 232 193 
233 147 
234 169 
235 142 
236 144 236 287 
237 59 237 140 237 287 
238 117 
239 220 239 140 
240 179 240 187 240 193 
241 53 241 140 
242 50 
243 104 243 38 
244 85 244 16 
245 200 245 190 
246 41 
247 159 
248 127 
249 272 249 190 
250 126 250 26 250 140 
251 289 251 144 
252 156 252 33 
253 64 253 190 253 82 
254 57 254 190 
255 251 255 190 
256 167 256 16 256 82 256 190 
257 262 257 38 257 187 257 193 
258 14 
259 25 259 140 259 287 
260 79 260 144 
261 218 261 190 261 193 261 190 
262 267 
263 11 263 140 
264 115 264 190 264 287 264 190 
265 179 265 144 265 187 265 88 
266 64 266 223 266 176 266 187 266 289 266 194 266 256 266 161 266 219 266 211 266 204 266 70 266 184 266 235 266 183 266 30 266 288 266 248 266 67 266 1 266 76 266 93 266 86 266 163 266 20 266 181 266 67 266 1 266 135 266 228 266 246 266 144 266 38 
267 114 267 38 267 187 267 67 
268 4 268 82 
269 62 269 170 
270 261 
271 56 271 16 271 16 271 287 
272 0 272 190 
273 248 273 140 273 287 
274 244 274 140 
275 213 275 187 275 193 275 193 
276 244 276 82 
277 158 277 38 
278 289 278 190 278 16 
279 295 
280 141 280 144 280 38 280 287 
281 8 
282 53 
283 269 
284 142 284 187 284 193 284 190 
285 180 285 287 
286 258 286 158 286 226 286 26 286 54 286 28 286 279 286 40 286 159 286 206 286 55 286 12 286 120 286 260 286 120 286 264 286 286 286 13 286 233 286 274 286 112 286 254 286 112 286 118 286 42 286 133 286 61 286 197 286 48 286 263 286 198 
287 289 287 144 287 170 
288 270 288 128 288 51 288 77 288 117 288 98 288 149 288 57 288 177 288 148 288 240 288 81 288 234 288 128 288 241 288 109 288 65 288 120 288 252 288 33 288 9 288 246 288 247 288 99 288 189 288 141 288 121 288 9 288 164 288 139 288 47 288 170 288 190 
289 77 289 170 289 170 
290 247 
291 13 
292 88 
293 162 293 16 293 187 
294 121 294 26 294 33 294 67 
295 107 295 187 295 88 295 287 
296 161 296 67 
297 189 297 16 
298 163 298 168 298 1 298 176 298 285 298 297 298 13 298 0 298 155 298 147 298 8 298 262 298 66 298 184 298 201 298 136 298 8 298 247 298 237 298 166 298 263 298 169 298 13 298 181 298 180 298 39 298 57 298 115 298 21 298 36 298 36 
299 40 
