14 14
0.00714 0.90714 0.00714 0.00714 0.00714 0.00714 0.00714 0.00714 0.00714 0.00714 0.00714 0.00714 0.00714 0.00714 
0.00714 0.30714 0.60714 0.00714 0.00714 0.00714 0.00714 0.00714 0.00714 0.00714 0.00714 0.00714 0.00714 0.00714 
0.00714 0.54714 0.36714 0.00714 0.00714 0.00714 0.00714 0.00714 0.00714 0.00714 0.00714 0.00714 0.00714 0.00714 
0.00714 0.90714 0.00714 0.00714 0.00714 0.00714 0.00714 0.00714 0.00714 0.00714 0.00714 0.00714 0.00714 0.00714 
0.00714 0.90714 0.00714 0.00714 0.00714 0.00714 0.00714 0.00714 0.00714 0.00714 0.00714 0.00714 0.00714 0.00714 
0.00714 0.54714 0.36714 0.00714 0.00714 0.00714 0.00714 0.00714 0.00714 0.00714 0.00714 0.00714 0.00714 0.00714 
0.00714 0.90714 0.00714 0.00714 0.00714 0.00714 0.00714 0.00714 0.00714 0.00714 0.00714 0.00714 0.00714 0.00714 
0.00714 0.90714 0.00714 0.00714 0.00714 0.00714 0.00714 0.00714 0.00714 0.00714 0.00714 0.00714 0.00714 0.00714 
0.00714 0.54714 0.36714 0.00714 0.00714 0.00714 0.00714 0.00714 0.00714 0.00714 0.00714 0.00714 0.00714 0.00714 
0.00714 0.90714 0.00714 0.00714 0.00714 0.00714 0.00714 0.00714 0.00714 0.00714 0.00714 0.00714 0.00714 0.00714 
0.00714 0.90714 0.00714 0.00714 0.00714 0.00714 0.00714 0.00714 0.00714 0.00714 0.00714 0.00714 0.00714 0.00714 
0.00714 0.90714 0.00714 0.00714 0.00714 0.00714 0.00714 0.00714 0.00714 0.00714 0.00714 0.00714 0.00714 0.00714 
0.00714 0.90714 0.00714 0.00714 0.00714 0.00714 0.00714 0.00714 0.00714 0.00714 0.00714 0.00714 0.00714 0.00714 
0.00714 0.90714 0.00714 0.00714 0.00714 0.00714 0.00714 0.00714 0.00714 0.00714 0.00714 0.00714 0.00714 0.00714 
