330

18 149
273 129
9 251
270 126
143 10
125 274
46 140
236 149
147 234
26 220
25 2
113 20
62 180
139 92
112 238
193 273
163 58
3 291
215 47
136 159
194 5
54 179
80 280
210 275
269 231
160 182
214 24
133 61
5 21
299 5
249 31
96 30
290 44
147 153
69 101
171 40
188 224
156 198
156 87
104 0
142 174
142 247
36 183
80 193
220 289
195 100
126 116
84 242
213 160
112 291
18 236
107 62
96 44
194 261
141 99
174 170
292 112
51 104
1 73
182 39
103 51
228 90
77 208
182 136
214 200
137 44
131 263
46 154
264 41
246 144
260 74
198 161
256 171
77 264
290 103
97 295
230 146
107 180
100 5
207 187
247 244
169 7
218 7
95 216
41 1
210 35
34 83
32 181
232 235
40 99
21 63
87 85
127 30
185 175
46 16
65 252
138 64
22 101
35 4
87 211
91 4
275 271
5 173
246 35
111 290
185 142
180 152
177 110
18 95
177 147
170 65
120 176
144 122
213 117
156 173
269 55
275 82
279 250
222 115
138 80
77 261
250 271
38 298
280 163
242 168
48 291
260 271
146 178
94 226
166 36
220 69
272 164
15 247
27 117
18 116
15 140
84 203
113 67
238 139
103 14
157 178
72 247
50 6
151 114
106 76
93 121
260 103
249 282
220 8
0 134
243 117
256 9
12 287
212 142
252 284
28 83
104 6
77 2
291 220
68 6
177 175
255 187
1 142
297 188
200 47
24 107
193 56
147 17
190 246
239 252
125 51
261 77
158 1
254 266
17 149
138 58
146 120
292 146
34 285
243 172
49 78
126 110
293 213
91 184
202 106
8 169
181 81
68 108
148 77
246 218
167 98
149 135
35 263
130 24
64 208
115 90
106 85
260 63
75 128
293 37
163 83
104 46
214 216
74 82
52 87
114 138
95 88
263 225
167 156
66 58
237 89
80 289
182 124
103 2
112 290
123 11
274 265
200 244
246 170
145 65
171 262
175 202
152 94
115 75
150 59
23 260
139 107
166 215
77 210
137 113
144 8
248 215
146 60
150 42
171 257
40 126
173 240
12 258
139 44
83 99
50 137
81 68
271 17
47 89
160 273
96 245
266 152
45 188
5 125
264 14
58 109
142 251
16 253
268 279
239 204
237 262
124 14
188 159
295 296
115 259
226 192
196 100
99 270
184 214
170 168
149 289
245 156
162 35
43 4
5 287
221 129
265 243
40 224
241 147
64 71
220 33
234 205
32 94
134 282
192 22
5 122
29 82
298 192
17 246
256 9
146 51
223 95
66 264
263 115
241 249
116 211
285 177
215 187
257 194
145 146
285 258
243 201
42 299
148 109
185 269
259 20
86 65
109 204
126 206
224 46
229 30
154 209
100 97
252 214
130 34
90 203
280 132
298 124
207 221
104 109
35 119
180 217
81 197
96 162
164 290
158 47
289 225
290 223
88 191
243 291
246 298
172 91
81 241
131 217
171 257
41 90
129 135
172 85
114 217
261 38
258 36
21 60
36 128
275 204
47 78
36 166
234 289
89 137
238 64
112 191
229 279
157 6
105 142
277 52
31 92
124 188
241 1
277 254
267 165
293 296
66 202
232 105
135 60
146 131
183 36
43 94
16 129
18 7
227 195
78 216
54 66
100 67
72 286
66 211
198 36
39 105
17 207
74 258
52 232
52 261
142 94
61 136
279 195
62 44
15 194
218 36
173 208
33 102
287 20
242 295
171 235
269 151
21 96
205 89
175 79
188 35
118 102
116 293
223 275
191 163
251 176
98 204
206 39
202 54
123 223
190 87
232 45
223 93
91 255
99 281
286 193
248 271
153 44
127 282
29 3
233 258
260 76
144 94
240 30
298 141
211 138
117 205
294 103
223 23
149 57
76 224
231 119
60 66
63 298
202 214
148 256
175 214
58 176
261 78
243 179
283 149
253 241
112 285
66 248
151 45
114 144
78 72
171 271
179 137
147 185
49 122
73 141
180 115
187 114
147 22
53 161
120 107
69 227
191 55
261 140
96 220
76 275
34 174
11 15
152 241
175 189
247 160
183 43
69 231
114 79
294 259
42 153
179 147
119 68
113 165
277 251
180 291
228 259
291 283
102 39
166 266
249 53
2 281
62 265
89 178
17 275
57 234
55 234
217 128
3 248
165 110
158 239
156 82
293 54
24 40
211 283
63 196
235 256
77 290
194 27
245 256
234 161
1 225
222 161
233 248
32 274
232 112
224 84
284 272
206 251
220 131
77 58
233 159
174 253
88 271
135 154
12 159
192 170
124 135
48 120
202 217
176 260
132 90
175 118
179 242
289 223
135 222
37 29
185 239
172 105
87 185
55 129
228 163
115 197
251 166
277 47
178 18
288 184
39 196
81 207
137 202
285 254
131 264
226 83
189 72
54 71
114 153
260 23
247 284
99 268
206 67
26 236
174 131
102 129
65 228
233 232
134 85
284 145
81 79
151 262
292 12
4 280
120 203
184 107
284 118
169 78
60 248
8 207
122 44
204 284
230 26
176 22
100 26
205 288
258 218
146 276
15 275
75 181
278 98
162 228
222 249
109 106
149 281
109 60
199 129
82 138
200 230
220 282
270 6
268 125
189 189
195 296
218 152
71 165
153 139
273 169
2 138
261 110
275 167
62 99
34 299
150 133
2 120
20 280
104 179
37 272
291 75
36 11
247 9
112 259
58 242
160 79
83 281
12 92
174 185
177 233
92 235
243 99
219 33
230 123
295 69
231 223
280 106
234 168
248 48
68 101
81 286
126 80
180 250
240 134
63 211
62 51
125 296
290 169
146 251
43 94
34 246
122 31
55 25
34 286
263 51
265 187
89 248
202 248
176 97
150 21
62 12
106 173
107 94
164 257
238 266
192 76
65 172
98 259
56 19
85 42
297 99
178 192
103 94
194 72
208 50
174 128
289 221
45 73
35 152
207 223
122 219
32 245
111 24
105 208
198 225
145 133
163 165
188 67
154 66
99 80
231 263
151 283
134 76
0 183
116 33
19 103
288 12
104 36
268 197
266 124
82 15
152 217
296 78
114 13
206 127
5 252
254 62
284 217
4 47
92 164
116 144
44 124
253 1
260 192
84 274
68 173
175 55
181 223
255 170
229 226
164 91
58 297
49 252
66 70
143 28
129 261
296 19
205 183
101 259
274 79
106 177
35 93
73 236
164 242
279 189
242 121
247 125
204 14
145 102
283 88
130 10
268 24
17 270
137 12
2 215
223 183
206 189
164 127
132 82
295 184
242 94
160 29
244 124
17 16
183 107
298 87
250 223
258 110
16 121
79 7
95 168
46 176
80 153
245 226
178 137
5 121
163 24
24 266
40 63
83 146
57 28
201 193
241 161
251 259
268 109
49 43
160 179
74 63
123 247
252 222
89 118
12 99
203 36
17 286
218 128
180 51
224 298
42 161
215 74
189 43
14 68
292 156
254 230
141 199
276 32
209 87
159 150
250 25
135 226
51 297
39 10
217 142
293 211
30 261
152 139
170 294
266 178
3 104
229 170
260 184
156 275
133 259
27 275
266 227
81 22
28 263
291 91
54 225
85 81
218 150
76 9
286 100
90 5
24 198
220 22
187 232
149 49
48 247
86 37
0 297
136 247
174 174
223 288
298 8
172 183
251 207
299 231
237 183
157 294
218 117
9 81
250 214
188 205
81 6
269 233
33 102
61 168
251 92
238 184
175 281
87 58
102 254
240 140
218 50
82 59
217 189
270 170
156 279
104 23
25 195
109 254
116 269
247 7
40 276
181 130
271 274
212 5
270 143
25 32
84 15
21 31
244 52
279 185
275 46
47 235
182 102
68 290
167 50
63 239
207 176
83 20
253 189
140 237
264 123
59 111
88 4
258 192
211 89
205 106
297 274
87 120
179 148
252 11
153 62
170 54
229 210
94 244
266 203
113 123
155 83
67 104
195 226
258 80
94 236
180 90
63 107
189 86
262 268
90 28
34 295
118 105
15 4
185 14
299 154
132 191
103 66
21 165
70 125
196 67
78 67
33 31
172 92
262 110
261 160
195 300
126 300
94 300
4 300
213 300
223 300
84 300
22 300
223 300
268 300
233 300
197 300
45 300
25 300
267 300
260 300
235 300
36 300
41 300
107 300
169 300
12 300
181 300
158 300
7 300
103 300
267 300
171 300
285 300
67 300
129 301
218 301
97 301
271 301
143 301
69 301
159 301
206 301
28 301
258 301
125 301
42 301
260 301
32 301
9 301
117 301
177 301
163 301
34 301
101 301
40 301
36 301
69 301
99 301
254 301
214 301
51 301
170 301
88 301
155 301
202 302
126 302
265 302
131 302
253 302
191 302
287 302
33 302
178 302
94 302
49 302
207 302
89 302
130 302
178 302
13 302
128 302
206 302
296 302
226 302
102 302
101 302
115 302
213 302
145 302
232 302
50 302
286 302
84 302
182 302
6 303
263 303
203 303
28 303
101 303
266 303
232 303
241 303
287 303
19 303
102 303
205 303
165 303
119 303
289 303
201 303
259 303
230 303
162 303
94 303
41 303
269 303
104 303
33 303
116 303
28 303
129 303
122 303
277 303
250 303
34 304
34 304
132 304
244 304
167 304
227 304
68 304
118 304
270 304
227 304
176 304
11 304
41 304
56 304
100 304
214 304
61 304
209 304
96 304
266 304
217 304
223 304
95 304
69 304
283 304
219 304
65 304
277 304
247 304
40 304
115 305
270 305
256 305
105 305
96 305
71 305
94 305
122 305
42 305
138 305
206 305
122 305
70 305
123 305
229 305
53 305
144 305
284 305
150 305
66 305
222 305
225 305
8 305
246 305
281 305
29 305
129 305
250 305
287 305
172 305
194 306
145 306
219 306
132 306
217 306
78 306
107 306
109 306
295 306
252 306
258 306
41 306
292 306
244 306
36 306
30 306
39 306
260 306
284 306
260 306
239 306
294 306
204 306
43 306
292 306
55 306
217 306
117 306
126 306
112 306
131 307
111 307
294 307
193 307
90 307
154 307
268 307
222 307
285 307
158 307
175 307
67 307
200 307
178 307
278 307
17 307
48 307
290 307
78 307
143 307
21 307
267 307
155 307
53 307
116 307
66 307
182 307
299 307
47 307
85 307
274 308
175 308
51 308
29 308
29 308
211 308
21 308
68 308
178 308
62 308
66 308
75 308
80 308
283 308
272 308
296 308
64 308
102 308
10 308
123 308
153 308
184 308
49 308
138 308
239 308
42 308
280 308
209 308
234 308
264 308
44 309
54 309
188 309
69 309
176 309
223 309
244 309
61 309
126 309
84 309
153 309
115 309
88 309
166 309
217 309
200 309
236 309
160 309
142 309
107 309
158 309
78 309
19 309
275 309
121 309
215 309
8 309
76 309
186 309
86 309
211 310
40 310
288 310
285 310
163 310
25 310
146 310
155 310
31 310
258 310
29 310
222 310
125 310
108 310
244 310
155 310
261 310
205 310
131 310
262 310
2 310
269 310
39 310
272 310
193 310
288 310
280 310
124 310
176 310
39 310
190 311
117 311
216 311
52 311
124 311
120 311
227 311
199 311
225 311
22 311
281 311
188 311
145 311
21 311
15 311
263 311
220 311
28 311
223 311
141 311
63 311
196 311
213 311
212 311
257 311
200 311
149 311
112 311
73 311
15 311
258 312
8 312
283 312
11 312
107 312
77 312
88 312
294 312
158 312
68 312
89 312
14 312
117 312
276 312
24 312
126 312
77 312
264 312
96 312
56 312
204 312
162 312
72 312
113 312
86 312
180 312
102 312
121 312
183 312
76 312
234 313
90 313
149 313
158 313
131 313
20 313
183 313
124 313
10 313
229 313
182 313
297 313
92 313
230 313
298 313
52 313
74 313
46 313
111 313
95 313
132 313
280 313
218 313
150 313
76 313
147 313
206 313
248 313
51 313
129 313
64 314
239 314
245 314
200 314
276 314
137 314
103 314
173 314
147 314
199 314
196 314
200 314
245 314
187 314
204 314
87 314
103 314
170 314
61 314
189 314
253 314
56 314
27 314
91 314
89 314
119 314
184 314
223 314
242 314
199 314
315 145
315 181
315 144
315 56
315 173
315 112
315 26
315 19
315 259
315 179
315 240
315 142
315 284
315 274
315 259
315 297
315 223
315 190
315 283
315 22
315 79
315 71
315 40
315 252
315 46
315 266
315 30
315 87
315 190
315 231
316 127
316 89
316 236
316 216
316 156
316 224
316 178
316 164
316 146
316 131
316 22
316 12
316 58
316 135
316 267
316 228
316 122
316 36
316 64
316 82
316 93
316 215
316 102
316 203
316 252
316 155
316 131
316 289
316 89
316 22
317 41
317 281
317 124
317 274
317 18
317 41
317 179
317 97
317 100
317 179
317 127
317 50
317 25
317 268
317 134
317 91
317 102
317 138
317 115
317 136
317 124
317 273
317 99
317 22
317 201
317 148
317 24
317 47
317 285
317 248
318 277
318 170
318 74
318 131
318 52
318 24
318 25
318 193
318 186
318 278
318 19
318 269
318 149
318 90
318 126
318 192
318 2
318 13
318 290
318 146
318 176
318 97
318 219
318 139
318 258
318 19
318 248
318 258
318 40
318 131
319 123
319 101
319 162
319 253
319 138
319 193
319 102
319 101
319 9
319 179
319 258
319 188
319 291
319 202
319 112
319 143
319 210
319 291
319 237
319 132
319 123
319 2
319 142
319 210
319 98
319 94
319 174
319 283
319 286
319 181
320 95
320 23
320 12
320 220
320 49
320 239
320 283
320 208
320 214
320 20
320 89
320 85
320 278
320 210
320 159
320 53
320 241
320 114
320 150
320 208
320 62
320 218
320 225
320 176
320 74
320 47
320 33
320 245
320 28
320 180
321 77
321 148
321 35
321 115
321 172
321 211
321 128
321 295
321 25
321 101
321 143
321 181
321 179
321 168
321 1
321 2
321 34
321 23
321 260
321 116
321 160
321 286
321 136
321 166
321 43
321 54
321 52
321 38
321 280
321 14
322 84
322 11
322 225
322 231
322 175
322 14
322 163
322 210
322 295
322 208
322 93
322 8
322 187
322 177
322 88
322 216
322 96
322 193
322 263
322 41
322 146
322 154
322 9
322 195
322 20
322 55
322 238
322 101
322 46
322 110
323 19
323 241
323 270
323 48
323 76
323 279
323 287
323 57
323 239
323 148
323 58
323 87
323 41
323 83
323 198
323 177
323 296
323 188
323 264
323 249
323 257
323 28
323 57
323 171
323 119
323 37
323 210
323 290
323 31
323 202
324 162
324 215
324 268
324 255
324 134
324 238
324 187
324 229
324 166
324 202
324 81
324 297
324 4
324 233
324 139
324 71
324 169
324 288
324 106
324 25
324 132
324 17
324 107
324 254
324 35
324 178
324 35
324 36
324 51
324 7
325 36
325 178
325 65
325 20
325 271
325 130
325 73
325 281
325 77
325 184
325 268
325 188
325 7
325 90
325 56
325 188
325 46
325 168
325 287
325 280
325 69
325 137
325 221
325 141
325 167
325 251
325 80
325 154
325 265
325 282
326 222
326 61
326 64
326 78
326 275
326 178
326 262
326 5
326 244
326 88
326 249
326 283
326 29
326 79
326 151
326 14
326 192
326 262
326 244
326 143
326 170
326 3
326 284
326 168
326 290
326 154
326 114
326 218
326 9
326 25
327 8
327 274
327 199
327 90
327 299
327 244
327 238
327 78
327 102
327 88
327 137
327 8
327 89
327 26
327 152
327 275
327 21
327 279
327 47
327 130
327 261
327 44
327 278
327 162
327 280
327 234
327 153
327 247
327 184
327 87
328 279
328 14
328 41
328 21
328 295
328 149
328 158
328 253
328 70
328 160
328 95
328 130
328 37
328 234
328 36
328 89
328 173
328 104
328 232
328 162
328 86
328 204
328 257
328 80
328 93
328 182
328 158
328 133
328 272
328 112
329 83
329 175
329 191
329 170
329 295
329 23
329 167
329 20
329 215
329 29
329 284
329 115
329 75
329 175
329 151
329 284
329 234
329 9
329 1
329 84
329 115
329 126
329 156
329 83
329 297
329 268
329 279
329 38
329 24
329 136
