14 14
0.00714 0.00714 0.00714 0.00714 0.00714 0.00714 0.00714 0.00714 0.90714 0.00714 0.00714 0.00714 0.00714 0.00714 
0.00714 0.45714 0.45714 0.00714 0.00714 0.00714 0.00714 0.00714 0.00714 0.00714 0.00714 0.00714 0.00714 0.00714 
0.00714 0.00714 0.00714 0.00714 0.00714 0.45714 0.00714 0.00714 0.45714 0.00714 0.00714 0.00714 0.00714 0.00714 
0.07143 0.07143 0.07143 0.07143 0.07143 0.07143 0.07143 0.07143 0.07143 0.07143 0.07143 0.07143 0.07143 0.07143 
0.00714 0.00714 0.00714 0.00714 0.00714 0.45714 0.45714 0.00714 0.00714 0.00714 0.00714 0.00714 0.00714 0.00714 
0.13571 0.13571 0.00714 0.00714 0.13571 0.00714 0.00714 0.13571 0.39286 0.00714 0.00714 0.00714 0.00714 0.00714 
0.23214 0.00714 0.23214 0.00714 0.00714 0.00714 0.23214 0.00714 0.00714 0.23214 0.00714 0.00714 0.00714 0.00714 
0.18714 0.18714 0.00714 0.00714 0.00714 0.00714 0.00714 0.18714 0.00714 0.18714 0.00714 0.18714 0.00714 0.00714 
0.18714 0.00714 0.00714 0.00714 0.00714 0.18714 0.18714 0.00714 0.18714 0.18714 0.00714 0.00714 0.00714 0.00714 
0.00714 0.45714 0.00714 0.23214 0.00714 0.00714 0.00714 0.00714 0.00714 0.00714 0.23214 0.00714 0.00714 0.00714 
0.07143 0.07143 0.07143 0.07143 0.07143 0.07143 0.07143 0.07143 0.07143 0.07143 0.07143 0.07143 0.07143 0.07143 
0.07143 0.07143 0.07143 0.07143 0.07143 0.07143 0.07143 0.07143 0.07143 0.07143 0.07143 0.07143 0.07143 0.07143 
0.00714 0.00714 0.00714 0.00714 0.00714 0.90714 0.00714 0.00714 0.00714 0.00714 0.00714 0.00714 0.00714 0.00714 
0.00714 0.00714 0.00714 0.00714 0.00714 0.00714 0.00714 0.90714 0.00714 0.00714 0.00714 0.00714 0.00714 0.00714 
