330
192 93
283 262
183 218
275 142
162 69
107 18
263 191
66 205
93 7
91 217
224 209
191 237
36 151
285 164
32 225
164 240
192 206
125 77
95 13
147 61
57 248
268 177
31 64
243 277
237 42
14 163
47 256
194 0
226 171
295 106
70 24
203 150
232 31
41 235
223 258
46 127
189 162
278 194
54 279
35 179
281 206
15 191
259 185
262 243
178 107
216 269
245 276
19 212
253 214
75 277
242 172
291 54
35 241
225 208
244 10
256 81
8 88
272 46
154 172
137 247
76 234
15 131
147 282
3 129
36 63
292 127
83 73
98 105
44 71
85 173
139 14
255 151
261 173
50 36
128 244
222 212
203 204
267 290
147 60
111 206
157 86
127 10
148 250
234 201
212 207
286 241
35 166
298 137
30 223
82 80
131 91
80 97
152 295
66 196
168 26
180 66
14 111
203 153
94 216
47 297
225 155
254 30
98 86
115 205
224 128
231 49
296 155
296 43
209 32
95 144
34 150
12 129
133 173
29 246
99 132
272 239
285 33
20 62
137 127
224 72
5 234
221 170
132 93
226 259
116 185
83 61
185 86
140 181
47 281
272 198
101 210
215 294
206 206
116 278
70 47
28 299
115 250
147 10
207 13
12 95
5 40
231 149
73 282
261 103
150 261
2 50
10 184
102 254
91 95
38 126
154 153
196 68
259 21
159 235
297 288
276 181
208 149
16 119
234 158
148 89
26 268
14 275
0 63
217 117
175 61
89 227
90 119
5 129
175 87
222 241
13 244
88 145
245 47
67 288
231 266
42 26
154 181
224 46
268 56
103 240
150 64
287 214
5 280
172 124
177 207
247 66
100 224
109 8
282 255
218 57
273 19
207 161
86 267
141 83
275 272
244 72
66 203
264 246
15 3
47 186
270 65
1 267
213 123
112 148
267 150
37 64
211 296
275 32
2 120
14 173
160 195
224 258
96 119
125 196
150 29
291 213
240 47
294 85
70 101
170 144
41 108
27 210
110 129
149 183
238 83
251 68
128 35
250 16
95 282
189 118
68 92
225 115
124 296
34 173
80 173
130 94
122 134
204 162
288 54
97 48
292 30
18 150
213 53
67 296
112 52
208 185
31 214
54 142
153 138
262 7
237 172
53 208
168 52
250 228
242 147
12 113
4 41
108 83
117 262
32 108
95 13
153 104
167 275
167 77
162 287
160 167
4 84
132 173
211 82
43 209
40 227
247 255
205 235
191 228
23 200
173 129
262 182
180 104
100 255
210 13
287 26
39 196
58 162
87 97
165 285
252 129
289 139
131 247
153 93
31 145
287 281
217 78
48 94
71 200
160 253
39 3
232 155
192 135
221 215
131 27
18 85
25 132
84 111
151 49
133 244
185 156
294 225
1 77
129 162
248 137
261 282
141 80
109 22
132 27
156 169
216 142
84 267
134 162
124 285
18 170
236 131
73 297
107 251
248 277
21 110
166 297
61 140
35 59
152 27
0 104
148 106
250 117
146 249
204 15
211 22
103 298
115 255
28 235
70 255
122 265
250 187
74 294
96 250
46 9
216 2
248 143
152 78
89 70
162 228
219 64
116 288
249 119
15 290
112 166
204 265
263 43
101 45
158 38
283 182
156 204
235 59
199 100
119 291
208 75
152 105
297 264
223 105
156 200
73 272
215 282
268 59
191 184
244 106
56 270
6 245
125 241
171 23
278 218
101 171
42 60
158 279
242 123
153 288
147 247
3 66
228 21
197 70
286 259
27 291
245 181
71 157
295 46
27 137
127 7
120 201
3 70
278 120
73 261
158 45
200 147
46 108
286 85
16 257
244 46
254 32
212 200
242 192
63 43
238 33
82 10
125 234
279 9
182 119
27 133
188 266
265 174
199 119
193 36
130 264
8 208
27 156
287 58
141 292
26 206
42 192
36 27
18 278
295 62
189 206
34 28
237 274
49 80
122 296
115 167
186 233
173 48
276 47
266 225
240 169
15 78
115 173
172 129
50 164
62 283
35 249
174 155
164 58
75 52
15 182
154 147
110 215
69 139
151 276
193 130
210 67
184 74
194 209
273 239
103 181
93 265
103 28
1 83
188 181
126 251
74 1
292 141
25 239
114 230
97 215
32 46
58 112
92 154
66 195
1 90
237 287
193 81
40 177
45 77
255 261
148 122
19 278
115 209
235 166
47 223
204 221
2 54
132 28
248 71
35 234
164 158
117 0
136 104
133 213
96 98
86 225
45 181
198 26
108 73
94 211
232 33
127 292
97 285
5 129
141 293
263 67
141 272
16 158
98 296
78 228
248 76
195 143
138 276
65 118
25 162
238 46
40 112
284 7
271 34
131 293
232 6
186 81
199 95
90 260
282 177
211 263
232 265
285 136
200 21
39 123
38 37
102 73
205 259
133 32
108 246
280 203
134 283
110 282
272 283
26 76
10 70
121 56
18 170
117 54
71 212
126 21
158 183
10 77
152 297
114 106
58 85
139 266
162 136
173 251
20 117
274 134
189 13
32 61
191 248
155 134
43 108
132 201
29 280
36 49
206 231
76 99
53 171
3 208
251 139
287 70
165 14
42 189
157 256
168 149
6 85
185 234
125 198
234 17
3 251
144 186
273 173
175 251
2 194
26 142
164 127
160 130
297 206
179 152
299 28
183 179
12 248
112 33
275 230
137 38
182 178
101 70
92 52
44 276
49 203
154 213
61 267
279 104
64 101
116 210
243 277
177 44
260 10
228 222
116 28
106 157
144 2
65 14
169 292
144 51
17 174
137 17
250 112
285 105
122 115
5 109
124 191
277 94
75 257
57 151
223 78
268 188
235 194
50 88
82 166
185 73
123 245
203 195
112 118
109 112
176 283
207 19
134 86
2 132
11 158
275 67
183 85
288 225
245 94
63 122
163 127
26 196
267 130
25 200
99 249
294 73
85 135
278 274
132 179
93 288
282 222
207 118
33 12
30 191
249 241
21 80
249 13
44 239
299 114
146 46
211 147
279 86
149 162
115 278
243 24
226 167
158 24
191 36
271 294
281 47
35 260
32 207
19 27
87 70
55 11
188 22
43 283
75 48
265 46
284 201
26 136
101 168
148 204
131 90
146 18
257 85
94 138
169 60
297 293
294 67
79 8
138 186
111 179
198 290
61 264
20 37
113 80
297 181
50 47
209 23
216 289
281 96
295 70
0 4
231 182
193 155
7 76
200 240
251 5
193 173
9 181
103 241
33 237
207 164
80 233
184 154
188 165
39 109
130 74
5 90
251 123
275 110
34 61
131 67
193 160
219 71
203 96
112 44
2 49
257 185
273 266
264 162
130 168
210 7
236 292
65 201
0 177
40 247
55 149
147 54
213 11
22 125
122 85
245 43
89 239
279 248
262 173
243 39
254 169
265 118
93 160
124 285
239 197
24 82
79 203
104 286
53 23
73 268
262 104
226 57
66 296
84 187
31 182
230 229
184 52
252 83
291 51
29 46
25 55
290 62
122 80
260 113
26 58
84 30
245 175
79 71
219 250
86 240
141 177
238 26
88 148
247 193
80 297
44 227
274 246
211 76
167 20
1 195
84 144
3 219
6 39
79 48
146 110
221 194
235 118
154 261
94 247
187 107
91 285
235 55
184 173
106 143
208 207
254 121
176 129
178 170
145 95
176 113
23 282
129 113
12 249
87 55
73 184
67 44
32 27
239 171
44 96
274 266
66 112
263 6
63 1
99 176
270 7
101 219
150 265
14 226
283 173
187 256
104 201
226 248
59 7
297 225
218 165
84 74
173 8
155 54
124 289
218 91
97 82
137 185
265 113
80 9
199 103
235 38
110 181
198 227
121 200
273 156
193 127
154 23
46 155
263 207
131 136
234 107
39 36
173 106
141 181
42 25
248 89
222 189
170 164
43 173
285 67
238 40
117 0
92 287
119 69
241 162
192 246
167 112
66 221
28 245
250 43
212 247
242 222
83 164
7 26
250 48
230 128
235 15
3 235
226 17
65 257
41 65
283 212
294 12
133 234
156 91
114 182
256 260
60 5
127 19
48 149
215 254
19 6
120 282
206 140
98 300
272 300
180 300
137 300
73 300
81 300
142 300
109 300
270 300
139 300
96 300
3 300
17 300
201 300
14 300
160 300
134 300
128 300
182 300
215 300
24 300
14 300
162 300
48 300
97 300
273 300
42 300
147 300
73 300
281 300
183 301
289 301
37 301
133 301
152 301
221 301
237 301
39 301
148 301
73 301
116 301
227 301
290 301
44 301
132 301
210 301
89 301
156 301
209 301
143 301
189 301
18 301
279 301
297 301
273 301
89 301
47 301
82 301
146 301
18 301
286 302
41 302
24 302
201 302
110 302
86 302
0 302
184 302
230 302
46 302
167 302
247 302
89 302
269 302
92 302
291 302
7 302
221 302
104 302
191 302
229 302
49 302
43 302
181 302
177 302
63 302
145 302
273 302
113 302
142 302
21 303
274 303
129 303
102 303
252 303
292 303
40 303
78 303
190 303
1 303
228 303
288 303
276 303
205 303
21 303
239 303
152 303
208 303
33 303
165 303
191 303
14 303
194 303
134 303
235 303
42 303
0 303
78 303
147 303
298 303
217 304
270 304
279 304
209 304
86 304
22 304
213 304
11 304
108 304
60 304
22 304
263 304
143 304
294 304
69 304
251 304
238 304
202 304
203 304
171 304
168 304
141 304
168 304
270 304
84 304
10 304
218 304
266 304
25 304
196 304
286 305
292 305
209 305
73 305
297 305
71 305
171 305
245 305
122 305
239 305
24 305
289 305
2 305
164 305
158 305
83 305
121 305
92 305
150 305
190 305
248 305
225 305
179 305
229 305
133 305
148 305
277 305
152 305
206 305
269 305
190 306
230 306
222 306
130 306
1 306
68 306
39 306
159 306
215 306
157 306
201 306
72 306
277 306
215 306
72 306
68 306
130 306
179 306
248 306
289 306
217 306
152 306
11 306
119 306
277 306
76 306
233 306
190 306
227 306
226 306
53 307
222 307
144 307
16 307
255 307
13 307
65 307
172 307
152 307
297 307
231 307
107 307
182 307
277 307
256 307
143 307
35 307
247 307
277 307
210 307
225 307
178 307
94 307
288 307
279 307
10 307
10 307
59 307
204 307
93 307
231 308
182 308
6 308
125 308
261 308
140 308
286 308
237 308
215 308
68 308
40 308
276 308
251 308
212 308
87 308
217 308
46 308
265 308
40 308
295 308
132 308
275 308
286 308
71 308
145 308
251 308
108 308
53 308
246 308
127 308
194 309
167 309
259 309
232 309
32 309
165 309
39 309
49 309
53 309
122 309
264 309
246 309
205 309
76 309
238 309
128 309
185 309
263 309
208 309
69 309
246 309
118 309
274 309
288 309
203 309
228 309
35 309
221 309
105 309
53 309
120 310
206 310
151 310
185 310
70 310
289 310
119 310
234 310
171 310
128 310
45 310
30 310
145 310
118 310
174 310
161 310
81 310
100 310
123 310
69 310
117 310
227 310
267 310
99 310
242 310
294 310
229 310
204 310
97 310
264 310
88 311
101 311
61 311
94 311
196 311
97 311
293 311
96 311
58 311
139 311
183 311
260 311
89 311
146 311
127 311
109 311
91 311
50 311
251 311
293 311
230 311
228 311
295 311
52 311
183 311
136 311
109 311
270 311
29 311
80 311
75 312
57 312
123 312
79 312
94 312
20 312
163 312
221 312
287 312
21 312
192 312
173 312
61 312
254 312
109 312
240 312
182 312
225 312
293 312
263 312
144 312
185 312
201 312
102 312
1 312
135 312
131 312
257 312
46 312
288 312
73 313
254 313
37 313
195 313
128 313
151 313
15 313
82 313
120 313
16 313
281 313
128 313
144 313
271 313
143 313
56 313
68 313
106 313
48 313
193 313
52 313
141 313
93 313
149 313
248 313
229 313
10 313
250 313
272 313
109 313
249 314
161 314
117 314
116 314
172 314
263 314
158 314
109 314
242 314
62 314
59 314
217 314
282 314
226 314
21 314
134 314
188 314
27 314
276 314
72 314
256 314
273 314
299 314
241 314
159 314
97 314
237 314
299 314
56 314
44 314
315 227
315 23
315 53
315 61
315 147
315 101
315 51
315 298
315 169
315 17
315 41
315 212
315 266
315 260
315 257
315 288
315 190
315 33
315 22
315 101
315 277
315 84
315 230
315 55
315 118
315 8
315 190
315 10
315 86
315 215
316 257
316 94
316 99
316 53
316 105
316 18
316 208
316 209
316 74
316 209
316 144
316 14
316 29
316 16
316 267
316 269
316 100
316 54
316 233
316 183
316 258
316 216
316 215
316 70
316 72
316 23
316 221
316 21
316 264
316 236
317 254
317 15
317 215
317 43
317 56
317 290
317 131
317 80
317 0
317 104
317 283
317 187
317 8
317 198
317 248
317 31
317 239
317 125
317 264
317 196
317 73
317 198
317 90
317 220
317 167
317 76
317 14
317 191
317 191
317 111
318 0
318 67
318 190
318 183
318 285
318 107
318 298
318 52
318 62
318 266
318 54
318 191
318 156
318 278
318 208
318 283
318 117
318 194
318 112
318 110
318 69
318 272
318 275
318 117
318 262
318 156
318 154
318 174
318 245
318 29
319 5
319 260
319 47
319 287
319 168
319 229
319 226
319 262
319 203
319 149
319 42
319 280
319 282
319 59
319 271
319 42
319 275
319 233
319 256
319 18
319 230
319 124
319 292
319 42
319 28
319 4
319 116
319 14
319 235
319 153
320 218
320 242
320 130
320 67
320 48
320 98
320 190
320 39
320 23
320 105
320 233
320 119
320 214
320 207
320 101
320 10
320 151
320 76
320 156
320 73
320 190
320 47
320 0
320 174
320 126
320 270
320 293
320 227
320 110
320 164
321 60
321 177
321 130
321 145
321 196
321 99
321 281
321 124
321 171
321 111
321 184
321 284
321 31
321 48
321 274
321 79
321 132
321 255
321 78
321 21
321 122
321 65
321 26
321 98
321 205
321 47
321 214
321 293
321 134
321 10
322 209
322 64
322 15
322 23
322 71
322 201
322 138
322 8
322 66
322 78
322 187
322 56
322 15
322 113
322 182
322 53
322 3
322 125
322 75
322 188
322 285
322 241
322 156
322 74
322 99
322 274
322 1
322 249
322 59
322 171
323 20
323 257
323 164
323 41
323 27
323 191
323 161
323 135
323 222
323 27
323 161
323 123
323 215
323 178
323 165
323 52
323 155
323 152
323 177
323 184
323 259
323 136
323 227
323 271
323 7
323 197
323 102
323 249
323 285
323 24
324 14
324 206
324 99
324 157
324 146
324 145
324 256
324 88
324 145
324 128
324 241
324 144
324 120
324 187
324 232
324 132
324 153
324 70
324 221
324 199
324 248
324 101
324 265
324 181
324 14
324 53
324 226
324 270
324 86
324 133
325 236
325 243
325 37
325 242
325 57
325 159
325 275
325 284
325 56
325 197
325 283
325 281
325 282
325 241
325 234
325 270
325 100
325 52
325 162
325 178
325 135
325 201
325 299
325 198
325 28
325 261
325 137
325 34
325 275
325 54
326 38
326 211
326 235
326 78
326 30
326 235
326 242
326 226
326 209
326 131
326 11
326 104
326 193
326 157
326 77
326 20
326 247
326 218
326 117
326 256
326 213
326 139
326 11
326 108
326 80
326 17
326 109
326 41
326 54
326 145
327 11
327 92
327 127
327 150
327 58
327 37
327 246
327 2
327 163
327 258
327 16
327 0
327 146
327 215
327 188
327 195
327 223
327 199
327 239
327 172
327 153
327 123
327 15
327 155
327 54
327 272
327 215
327 137
327 246
327 62
328 158
328 57
328 45
328 241
328 136
328 95
328 143
328 290
328 280
328 241
328 78
328 299
328 219
328 8
328 18
328 239
328 278
328 204
328 179
328 178
328 94
328 192
328 52
328 57
328 87
328 120
328 81
328 195
328 182
328 170
329 78
329 269
329 220
329 107
329 75
329 82
329 159
329 26
329 237
329 251
329 223
329 31
329 234
329 208
329 116
329 206
329 72
329 153
329 147
329 26
329 234
329 288
329 235
329 262
329 116
329 205
329 254
329 164
329 6
329 35
