28 34
39 78
75 0
88 62
12 65
6 4
1 81
62 47
57 4
32 66
35 73
22 61
80 82
47 94
15 67
91 30
77 41
3 71
67 29
3 47
93 37
4 83
67 63
49 26
62 78
3 20
33 50
68 55
33 44
40 89
75 100
23 100
14 100
64 100
47 100
58 100
10 100
31 100
5 100
48 100
33 101
67 101
60 101
22 101
78 101
71 101
62 101
39 101
81 101
48 101
43 102
97 102
18 102
76 102
4 102
51 102
49 102
83 102
45 102
48 102
83 103
16 103
37 103
71 103
39 103
3 103
56 103
95 103
32 103
60 103
29 104
90 104
57 104
10 104
40 104
52 104
43 104
5 104
59 104
96 104
9 105
51 105
90 105
14 105
62 105
77 105
18 105
39 105
68 105
89 105
25 106
64 106
87 106
78 106
68 106
54 106
12 106
0 106
5 106
35 106
4 107
18 107
68 107
42 107
93 107
62 107
90 107
49 107
69 107
74 107
90 108
80 108
30 108
14 108
48 108
63 108
98 108
3 108
27 108
32 108
78 109
40 109
11 109
55 109
98 109
84 109
92 109
3 109
22 109
86 109
110 62
110 29
110 76
110 81
110 82
110 57
110 43
110 84
110 21
110 42
111 71
111 95
111 28
111 59
111 78
111 84
111 56
111 0
111 23
111 12
112 49
112 38
112 82
112 31
112 39
112 87
112 21
112 51
112 57
112 70
113 42
113 77
113 26
113 78
113 5
113 58
113 21
113 36
113 88
113 64
114 72
114 50
114 98
114 10
114 65
114 63
114 54
114 2
114 45
114 19
115 46
115 60
115 38
115 42
115 82
115 79
115 92
115 94
115 75
115 64
116 87
116 63
116 42
116 55
116 10
116 41
116 76
116 59
116 85
116 44
117 7
117 21
117 41
117 42
117 67
117 90
117 75
117 49
117 30
117 44
118 60
118 35
118 26
118 78
118 90
118 61
118 97
118 27
118 50
118 48
119 67
119 50
119 17
119 84
119 54
119 76
119 57
119 51
119 13
119 10
