330
165 158
151 198
18 51
29 81
266 205
116 127
159 241
62 181
200 123
186 1
43 154
174 263
2 255
21 262
37 253
15 162
177 146
1 289
101 245
141 119
141 284
33 31
127 44
48 143
135 65
231 56
250 25
167 226
53 221
56 227
141 260
93 36
124 107
115 209
176 191
282 221
38 77
283 265
125 233
136 276
184 32
266 248
253 259
211 212
129 121
223 41
220 2
57 88
298 231
228 222
288 139
143 43
292 19
255 180
293 245
147 64
70 274
154 2
231 101
114 46
82 246
244 15
29 205
213 100
125 41
184 235
117 40
133 241
53 259
270 2
62 20
37 201
81 232
195 152
68 12
232 14
57 264
195 189
173 281
297 256
288 236
51 225
31 112
61 145
67 95
218 129
210 242
253 269
268 202
121 272
73 102
50 283
217 57
44 18
209 267
82 93
265 245
12 188
71 130
138 163
51 208
29 269
204 195
247 32
128 283
39 123
205 149
103 2
4 100
131 235
78 213
43 166
93 75
49 84
124 34
56 117
160 225
133 88
88 11
264 0
49 279
11 112
183 211
47 137
3 183
184 88
11 228
80 135
291 123
216 228
86 52
264 241
188 132
224 36
111 46
123 295
70 139
83 101
289 202
119 51
97 255
223 181
23 172
170 157
164 8
115 70
273 176
205 46
84 25
7 106
147 73
229 272
152 67
289 124
266 8
291 104
256 203
68 289
240 181
189 138
296 247
80 204
213 186
247 205
128 61
199 266
130 58
225 284
298 198
19 162
275 159
157 61
277 215
222 170
6 15
51 229
82 56
192 215
234 179
91 37
243 135
18 160
258 34
71 265
270 53
22 131
154 54
280 193
275 105
203 102
83 55
239 147
71 61
135 214
129 177
149 58
89 176
125 88
117 77
124 157
169 79
190 2
281 88
105 216
40 142
69 134
124 63
182 101
15 265
237 111
140 1
159 28
100 204
151 113
38 160
139 192
270 288
47 69
186 135
86 218
121 236
26 185
294 96
182 260
141 22
206 56
297 47
36 196
166 258
282 140
54 125
257 24
143 46
49 70
219 166
298 256
233 31
172 273
248 39
142 88
106 188
142 86
123 79
173 273
144 186
169 229
51 33
85 123
97 59
16 174
263 284
230 205
206 138
60 196
234 226
75 263
174 220
157 117
266 146
116 39
253 69
199 263
23 121
104 264
183 59
227 220
11 19
133 69
289 198
18 275
84 86
96 283
208 186
158 268
75 2
225 262
138 243
62 16
212 95
20 76
62 95
132 102
193 142
256 113
289 27
258 126
78 96
118 219
5 145
55 45
164 296
142 83
39 43
196 126
260 229
100 133
222 106
217 34
242 225
74 28
51 124
80 12
117 226
180 259
33 230
58 202
23 277
178 189
52 125
191 258
34 193
29 17
283 217
280 141
131 4
296 90
291 141
287 251
35 118
6 28
67 244
13 16
162 207
122 96
64 143
89 35
18 5
69 63
80 251
7 243
203 91
36 151
264 299
197 241
106 46
273 77
76 120
34 82
91 99
4 257
283 98
67 235
245 239
52 128
142 29
187 51
154 206
161 152
127 109
241 39
269 252
8 134
95 141
162 74
205 258
148 95
31 61
177 192
21 169
141 91
104 231
48 171
164 269
228 136
244 256
118 172
200 239
8 215
134 68
73 238
193 238
45 102
174 293
167 283
104 178
108 32
3 284
218 9
1 248
27 143
138 24
13 230
3 102
284 17
127 284
215 283
93 25
227 122
188 17
217 228
17 129
58 35
119 224
69 186
98 11
154 234
134 240
187 203
3 159
228 103
298 46
240 257
99 273
30 236
103 215
94 183
164 176
174 277
43 193
225 13
154 166
120 244
44 269
178 160
10 33
141 29
72 297
176 284
233 0
91 243
169 127
180 83
53 22
25 193
188 80
106 216
24 113
177 297
243 206
75 53
70 47
110 116
65 90
30 79
181 13
110 91
70 254
62 249
192 118
269 203
90 75
48 17
134 56
201 113
4 83
182 69
298 291
128 51
109 181
128 271
102 135
54 0
48 23
55 165
253 118
89 151
236 262
142 277
11 295
102 193
147 26
247 170
150 108
258 242
187 216
17 252
292 156
191 239
29 235
180 95
217 65
263 290
287 100
158 96
208 186
141 204
155 60
154 10
22 46
109 209
64 154
212 286
124 187
90 87
105 158
274 211
27 187
119 259
139 194
78 210
191 158
168 174
29 296
202 294
153 91
157 259
13 34
56 184
183 58
65 282
155 215
248 75
76 81
242 107
199 79
258 170
5 34
204 281
179 125
166 191
88 239
157 33
130 236
155 254
90 167
127 209
34 4
103 53
224 198
200 172
140 29
289 139
60 148
268 118
184 78
17 239
253 62
153 162
24 208
220 221
43 234
147 245
192 1
32 225
142 46
180 182
80 201
47 60
255 33
213 229
289 16
92 112
195 262
17 206
123 139
212 184
78 107
261 104
145 38
83 75
40 87
154 172
272 29
136 164
287 165
16 258
162 160
7 237
118 183
294 252
160 97
238 110
119 112
175 119
24 131
211 28
137 252
138 95
76 29
15 135
74 253
3 20
156 27
62 66
50 168
87 128
163 69
16 100
122 239
67 14
234 203
269 270
173 146
241 263
263 55
142 66
94 125
84 212
6 111
29 51
167 109
229 40
75 13
96 143
239 152
240 72
222 280
105 183
221 75
82 143
181 118
159 99
129 127
186 217
281 289
127 81
133 51
54 78
17 228
96 260
81 182
66 114
289 196
55 102
239 215
202 88
247 46
163 92
216 2
198 208
85 257
285 122
81 285
204 11
136 281
120 118
170 289
282 39
34 133
99 283
116 92
283 97
169 206
209 204
140 275
34 125
221 103
191 28
225 296
178 98
281 62
38 28
30 126
271 9
50 261
204 167
172 153
123 16
230 163
275 175
36 152
57 220
213 246
289 294
102 258
117 268
227 81
180 136
59 148
61 89
4 77
79 176
191 247
9 34
158 214
295 161
43 296
35 32
71 100
295 128
260 126
36 85
27 296
263 86
158 140
256 166
165 33
164 284
13 264
141 298
218 229
282 18
155 216
101 198
168 156
220 190
155 261
299 180
105 93
263 100
183 181
69 86
32 102
35 93
259 200
76 238
58 257
220 54
230 115
230 129
22 157
13 164
212 194
70 162
272 293
188 27
142 227
291 82
178 9
199 5
111 254
197 247
13 114
100 154
94 162
10 54
281 217
166 23
281 134
234 151
108 56
241 148
83 203
35 33
71 181
1 39
230 122
264 92
52 276
235 237
254 284
189 181
16 38
170 218
271 119
214 134
246 158
171 50
218 64
187 192
58 17
65 236
233 165
2 167
14 143
198 251
197 213
24 282
212 157
251 100
227 232
134 148
10 235
130 117
36 110
153 215
263 229
247 186
242 166
194 13
268 215
146 172
25 214
86 276
124 274
55 251
59 198
166 141
39 230
262 237
267 70
44 150
159 248
235 67
206 125
28 261
37 20
238 4
245 114
87 215
177 57
155 50
204 240
171 140
293 65
239 210
208 196
173 216
202 264
144 253
142 91
112 269
202 281
113 139
1 210
196 57
130 194
115 174
223 215
136 26
145 11
104 153
123 175
138 217
35 11
175 166
44 263
255 186
39 252
62 114
233 237
288 20
40 205
214 201
110 34
181 247
215 291
234 176
253 175
149 83
155 198
264 69
78 202
200 75
299 195
230 215
208 59
187 57
235 114
198 5
23 281
147 182
230 21
65 184
17 226
128 9
190 271
298 262
263 19
285 58
199 201
196 124
17 21
235 78
276 269
41 52
181 273
60 131
277 299
294 84
151 217
290 69
292 118
266 54
85 204
245 277
154 248
100 2
247 7
261 205
168 152
215 113
159 180
105 90
97 258
41 236
270 289
121 112
110 83
132 160
40 264
75 79
271 51
40 191
212 77
129 124
234 72
99 282
145 120
269 30
262 18
147 290
290 73
83 295
42 291
58 65
266 104
141 282
254 266
116 99
208 192
82 204
69 153
55 215
140 198
166 25
81 188
162 193
120 125
183 250
136 300
85 300
19 300
35 300
59 300
100 300
79 300
126 300
184 300
283 300
288 300
50 300
148 300
161 300
199 300
30 300
223 300
285 300
29 300
36 300
135 300
198 300
25 300
287 300
231 300
234 300
172 300
258 300
210 300
212 300
118 301
104 301
197 301
130 301
289 301
205 301
70 301
16 301
290 301
116 301
224 301
200 301
265 301
187 301
132 301
160 301
202 301
225 301
86 301
8 301
218 301
173 301
189 301
255 301
243 301
110 301
247 301
188 301
98 301
47 301
269 302
203 302
65 302
72 302
22 302
152 302
48 302
196 302
241 302
260 302
125 302
31 302
268 302
51 302
94 302
211 302
109 302
162 302
63 302
131 302
251 302
179 302
147 302
277 302
183 302
186 302
159 302
45 302
95 302
14 302
165 303
238 303
169 303
38 303
214 303
88 303
276 303
20 303
278 303
7 303
78 303
52 303
61 303
256 303
170 303
248 303
117 303
37 303
74 303
41 303
158 303
49 303
69 303
182 303
11 303
34 303
226 303
92 303
174 303
56 303
163 304
146 304
244 304
242 304
222 304
58 304
298 304
156 304
195 304
190 304
296 304
279 304
66 304
133 304
227 304
216 304
6 304
101 304
106 304
96 304
17 304
274 304
10 304
157 304
102 304
54 304
105 304
134 304
219 304
266 304
5 305
27 305
154 305
68 305
3 305
57 305
271 305
257 305
166 305
181 305
217 305
0 305
207 305
138 305
246 305
261 305
230 305
193 305
23 305
185 305
76 305
192 305
73 305
129 305
180 305
215 305
114 305
237 305
253 305
221 305
28 306
291 306
150 306
115 306
293 306
62 306
2 306
122 306
229 306
4 306
235 306
113 306
108 306
32 306
176 306
262 306
60 306
13 306
280 306
168 306
77 306
43 306
272 306
1 306
84 306
249 306
127 306
80 306
123 306
177 306
140 307
121 307
143 307
297 307
175 307
103 307
9 307
139 307
284 307
39 307
142 307
194 307
201 307
46 307
273 307
18 307
281 307
119 307
145 307
89 307
232 307
107 307
141 307
153 307
128 307
206 307
282 307
164 307
149 307
294 307
91 308
213 308
81 308
270 308
99 308
83 308
263 308
93 308
245 308
292 308
233 308
240 308
15 308
191 308
124 308
151 308
267 308
24 308
208 308
71 308
178 308
137 308
40 308
33 308
239 308
259 308
295 308
26 308
144 308
236 308
111 309
252 309
299 309
250 309
67 309
53 309
264 309
44 309
171 309
220 309
21 309
275 309
112 309
286 309
204 309
75 309
82 309
42 309
55 309
155 309
167 309
12 309
97 309
64 309
254 309
209 309
87 309
120 309
228 309
90 309
