330
202 284
269 99
280 116
97 125
232 138
194 134
249 49
252 194
237 33
36 55
106 104
45 259
16 246
115 72
190 223
223 241
153 55
91 207
243 183
66 189
118 43
267 98
20 228
209 246
111 282
190 228
185 242
122 179
65 136
33 291
138 289
10 203
93 69
107 238
167 238
196 299
162 179
223 98
284 65
158 244
58 41
256 126
143 84
243 199
1 255
68 76
81 210
190 294
178 297
140 235
68 259
161 162
179 279
185 265
147 128
294 240
108 172
38 233
43 129
208 218
208 293
199 215
164 140
130 105
262 108
99 188
153 273
235 150
17 71
22 93
135 41
192 259
108 224
183 268
46 153
274 185
138 204
31 296
50 78
0 281
291 225
191 256
119 260
60 128
264 190
10 224
129 180
114 253
239 56
96 137
268 140
99 267
92 16
79 139
48 168
47 269
288 246
65 198
298 212
287 224
157 241
248 292
193 10
67 33
88 1
88 14
29 126
28 128
229 23
224 248
275 246
15 86
234 164
249 84
254 297
263 228
243 116
124 95
10 174
143 91
131 99
236 49
137 200
297 241
257 226
261 223
149 56
108 254
79 230
114 132
262 244
54 162
135 130
199 22
170 16
138 99
4 289
31 256
139 40
122 242
133 220
123 55
130 271
162 268
209 122
188 207
136 51
7 38
51 196
209 129
147 16
224 110
91 228
34 212
20 24
104 273
199 207
73 218
4 213
25 229
43 109
288 245
158 200
54 83
85 261
285 40
238 162
149 64
113 36
276 153
72 223
21 28
266 80
48 226
225 104
100 251
74 214
158 254
137 134
158 9
129 215
239 167
98 18
165 23
158 52
2 175
99 5
246 227
167 23
15 133
234 151
37 150
49 82
221 86
176 9
237 149
285 211
184 6
73 245
264 290
276 53
80 138
45 2
180 281
52 275
263 61
39 210
147 285
144 89
146 61
73 197
90 30
239 256
28 140
81 9
46 18
189 30
33 202
29 10
273 274
23 221
228 259
291 245
150 248
279 111
208 7
66 23
253 20
110 140
42 227
159 196
143 49
268 133
41 95
76 106
231 43
239 40
289 199
248 249
167 156
167 231
48 272
32 149
150 60
174 72
47 46
283 209
179 95
253 16
89 108
202 208
264 91
269 186
202 201
128 32
76 24
111 5
137 31
71 133
281 14
208 292
6 264
264 128
98 42
5 211
53 99
230 98
10 271
223 17
68 293
240 8
18 116
243 19
64 86
82 106
250 264
199 7
48 34
132 206
196 57
206 299
40 146
130 135
187 209
24 65
115 95
224 196
81 161
147 207
180 291
242 92
281 216
291 210
293 196
269 105
293 17
239 100
234 211
36 187
265 32
148 251
70 242
199 272
165 191
128 98
146 227
75 231
22 258
36 240
63 211
44 151
21 224
281 122
276 80
169 46
182 178
24 291
166 152
183 244
274 104
269 291
157 70
57 32
93 117
35 202
249 253
108 11
277 18
102 176
10 242
153 61
104 199
299 205
218 287
258 276
109 63
31 103
10 73
28 57
75 29
131 192
193 39
19 276
295 102
5 251
107 77
299 214
158 203
89 240
286 101
177 217
220 189
292 286
53 270
43 72
270 255
141 134
95 152
139 149
52 32
78 294
212 181
249 207
135 99
178 84
168 268
251 98
68 8
130 175
65 37
8 104
79 106
107 95
188 166
209 207
25 164
61 166
64 14
109 43
237 275
235 223
113 273
226 286
42 295
96 151
142 172
177 116
146 175
211 163
268 60
149 283
192 256
179 199
36 228
8 66
131 105
75 231
280 88
0 239
232 215
167 50
45 30
78 215
151 57
268 12
6 117
135 190
122 197
279 113
211 254
149 200
37 284
210 221
58 49
122 137
71 159
110 111
250 231
93 82
143 96
239 224
22 51
94 166
176 173
278 259
66 246
182 294
202 105
17 216
194 208
88 194
124 132
169 291
120 174
168 218
108 21
170 36
177 280
287 205
136 15
34 258
136 114
205 58
136 130
103 1
10 125
113 55
81 41
256 166
288 117
192 168
75 243
3 271
19 94
198 150
140 40
165 261
110 172
163 178
234 155
208 112
42 184
10 97
24 22
19 175
197 26
241 227
277 195
50 42
127 75
219 57
162 223
239 117
32 122
212 145
124 155
236 180
83 245
24 23
295 24
67 195
144 274
135 259
68 44
145 289
190 44
197 287
32 296
270 210
145 97
71 27
86 90
264 262
9 223
292 24
212 230
271 273
56 73
133 24
174 190
274 155
23 77
114 54
8 152
32 291
249 161
58 8
152 228
103 14
243 224
257 223
54 249
12 299
150 43
173 278
189 34
72 77
243 142
176 124
284 19
120 1
281 294
199 64
194 94
73 119
193 162
2 273
204 16
273 82
85 32
253 141
247 131
236 275
169 299
107 244
215 163
54 120
25 96
79 100
56 12
91 82
276 270
130 227
252 87
270 229
286 0
162 210
102 22
16 60
26 283
37 226
48 158
251 55
284 275
66 138
6 241
252 3
60 141
190 218
37 139
119 26
128 119
195 68
24 98
38 273
230 140
133 46
205 296
190 236
147 255
123 12
228 113
188 9
48 137
118 24
174 207
96 298
80 245
130 174
211 32
173 218
183 1
102 44
145 124
91 204
105 203
295 149
114 85
283 257
133 3
189 231
121 176
94 201
253 173
169 6
21 3
62 298
296 1
117 76
84 138
235 94
106 13
286 133
116 120
138 111
94 295
1 162
161 217
168 282
180 113
157 128
249 287
172 66
7 153
217 59
65 35
240 148
32 15
152 76
47 222
52 226
56 200
80 209
190 79
255 166
25 51
269 254
234 148
271 182
288 2
44 208
254 222
256 258
44 163
245 7
277 144
161 111
146 284
243 277
64 160
269 164
239 5
115 113
190 24
239 257
264 282
180 283
54 244
87 226
5 107
76 180
287 65
102 50
217 170
45 124
251 107
96 57
294 125
201 134
164 228
161 180
247 270
186 56
145 60
135 254
73 172
114 73
85 74
45 2
60 53
208 144
146 125
272 13
8 60
232 88
260 154
0 283
276 226
106 267
87 246
198 146
228 238
7 161
296 30
45 156
88 103
30 216
191 72
155 7
198 298
20 55
274 225
136 61
156 138
88 72
248 251
7 71
203 117
207 100
82 186
187 124
108 230
160 287
253 24
35 41
86 207
5 47
38 258
274 159
122 54
191 144
264 242
231 129
61 241
193 226
92 77
53 129
169 255
222 64
208 48
103 272
24 95
214 60
51 72
28 204
162 157
17 109
183 108
124 248
31 34
215 135
43 127
49 124
191 298
216 156
192 224
171 119
207 278
124 118
231 16
80 250
178 201
8 197
29 172
36 163
21 0
31 284
57 77
30 32
60 299
169 76
246 73
80 240
184 31
247 14
37 77
10 122
175 168
280 127
146 94
119 51
54 58
106 80
52 162
97 247
291 130
210 105
280 6
9 148
250 272
235 227
201 223
180 75
172 284
279 83
134 83
239 124
182 230
115 286
290 30
40 2
22 35
51 218
91 151
10 182
58 287
251 89
267 115
228 243
115 135
103 146
101 6
146 81
274 214
60 212
13 162
66 116
74 46
28 206
243 13
44 111
99 246
73 100
63 108
45 163
176 106
213 26
80 268
283 147
10 236
87 133
91 206
295 195
122 91
64 223
244 280
53 271
38 155
191 160
65 274
200 243
116 46
261 125
269 296
171 281
81 78
53 278
222 36
68 264
258 173
141 37
294 182
276 61
51 203
98 113
294 62
272 30
46 293
95 109
201 242
72 37
184 169
270 153
185 31
12 202
28 202
225 70
234 6
254 274
144 134
137 68
264 276
17 104
279 76
87 276
272 283
32 108
2 229
73 44
23 252
55 271
293 124
169 31
106 33
124 298
168 16
266 223
4 138
91 207
187 234
240 57
43 50
99 205
7 6
240 33
26 209
25 24
79 77
20 289
115 105
163 144
1 5
55 204
182 239
163 37
85 157
227 89
12 244
15 226
193 264
13 166
201 29
279 128
258 83
92 95
110 61
7 93
83 133
29 282
62 100
236 300
297 300
161 300
260 300
224 300
104 300
200 300
176 300
202 300
55 300
22 300
214 300
93 300
196 300
159 300
251 300
152 300
199 300
283 300
121 300
123 300
102 300
59 300
112 300
21 300
27 300
289 300
258 300
204 300
84 300
265 301
206 301
218 301
205 301
21 301
89 301
97 301
90 301
42 301
161 301
8 301
187 301
66 301
288 301
169 301
251 301
280 301
136 301
216 301
118 301
43 301
256 301
126 301
219 301
202 301
23 301
123 301
1 301
92 301
7 301
124 302
68 302
158 302
160 302
15 302
187 302
261 302
135 302
156 302
248 302
1 302
242 302
222 302
133 302
215 302
63 302
69 302
234 302
59 302
194 302
203 302
171 302
246 302
163 302
71 302
11 302
89 302
247 302
12 302
72 302
138 303
45 303
286 303
83 303
75 303
52 303
197 303
281 303
171 303
32 303
299 303
278 303
225 303
195 303
59 303
226 303
60 303
179 303
155 303
107 303
193 303
121 303
189 303
282 303
31 303
247 303
261 303
183 303
230 303
262 303
76 304
152 304
249 304
71 304
192 304
264 304
169 304
54 304
168 304
153 304
100 304
194 304
284 304
278 304
195 304
38 304
230 304
174 304
215 304
79 304
127 304
269 304
237 304
40 304
256 304
220 304
234 304
145 304
173 304
47 304
268 305
222 305
31 305
117 305
86 305
108 305
181 305
121 305
83 305
212 305
17 305
118 305
132 305
237 305
192 305
204 305
284 305
91 305
130 305
267 305
269 305
110 305
211 305
41 305
147 305
103 305
76 305
227 305
186 305
139 305
145 306
63 306
123 306
18 306
5 306
138 306
140 306
176 306
210 306
207 306
120 306
215 306
89 306
277 306
37 306
13 306
217 306
272 306
56 306
213 306
270 306
158 306
218 306
142 306
295 306
61 306
171 306
52 306
167 306
36 306
102 307
48 307
141 307
252 307
234 307
142 307
113 307
108 307
3 307
193 307
37 307
214 307
206 307
29 307
230 307
195 307
100 307
32 307
21 307
20 307
144 307
98 307
149 307
254 307
0 307
291 307
38 307
260 307
150 307
99 307
57 308
204 308
151 308
242 308
149 308
80 308
173 308
56 308
163 308
176 308
198 308
20 308
203 308
43 308
123 308
40 308
124 308
168 308
18 308
9 308
244 308
172 308
182 308
199 308
295 308
166 308
73 308
100 308
107 308
45 308
276 309
71 309
199 309
149 309
240 309
31 309
59 309
214 309
143 309
299 309
295 309
263 309
21 309
152 309
162 309
184 309
34 309
171 309
137 309
132 309
117 309
135 309
27 309
161 309
163 309
66 309
43 309
39 309
92 309
63 309
185 310
170 310
177 310
158 310
97 310
133 310
276 310
5 310
75 310
145 310
90 310
122 310
22 310
252 310
102 310
29 310
77 310
277 310
186 310
293 310
76 310
66 310
92 310
162 310
166 310
4 310
273 310
152 310
236 310
242 310
216 311
277 311
196 311
176 311
47 311
215 311
222 311
64 311
217 311
208 311
23 311
267 311
255 311
10 311
242 311
128 311
258 311
30 311
241 311
51 311
281 311
58 311
38 311
131 311
122 311
120 311
204 311
107 311
206 311
150 311
42 312
181 312
262 312
191 312
186 312
144 312
250 312
114 312
65 312
26 312
279 312
173 312
243 312
172 312
12 312
16 312
299 312
85 312
264 312
158 312
109 312
95 312
131 312
103 312
7 312
162 312
171 312
211 312
286 312
190 312
110 313
113 313
116 313
155 313
92 313
75 313
211 313
185 313
204 313
20 313
259 313
263 313
262 313
114 313
278 313
222 313
62 313
90 313
158 313
26 313
235 313
200 313
29 313
172 313
53 313
246 313
38 313
30 313
163 313
140 313
187 314
68 314
79 314
37 314
164 314
195 314
103 314
275 314
115 314
266 314
30 314
53 314
236 314
220 314
101 314
180 314
91 314
41 314
219 314
12 314
198 314
104 314
42 314
221 314
20 314
45 314
116 314
117 314
183 314
295 314
315 117
315 1
315 28
315 94
315 83
315 129
315 126
315 257
315 180
315 174
315 205
315 92
315 246
315 271
315 111
315 264
315 103
315 118
315 123
315 62
315 109
315 148
315 253
315 57
315 64
315 82
315 87
315 196
315 224
315 136
316 297
316 46
316 190
316 87
316 119
316 193
316 47
316 191
316 52
316 183
316 282
316 71
316 61
316 192
316 63
316 219
316 277
316 258
316 252
316 49
316 59
316 17
316 186
316 236
316 134
316 294
316 244
316 226
316 160
316 65
317 88
317 69
317 281
317 263
317 187
317 167
317 58
317 131
317 130
317 147
317 117
317 124
317 234
317 186
317 105
317 182
317 59
317 212
317 297
317 226
317 282
317 138
317 100
317 164
317 89
317 139
317 24
317 177
317 240
317 153
318 12
318 209
318 113
318 156
318 281
318 275
318 122
318 104
318 65
318 101
318 255
318 142
318 213
318 174
318 163
318 190
318 77
318 72
318 202
318 89
318 238
318 297
318 214
318 177
318 271
318 145
318 0
318 224
318 115
318 228
319 266
319 29
319 26
319 253
319 279
319 111
319 163
319 158
319 105
319 272
319 94
319 0
319 51
319 196
319 35
319 62
319 173
319 100
319 219
319 8
319 231
319 66
319 91
319 182
319 44
319 20
319 171
319 86
319 125
319 24
320 8
320 186
320 221
320 143
320 14
320 290
320 218
320 115
320 237
320 214
320 139
320 1
320 116
320 259
320 159
320 85
320 175
320 234
320 9
320 232
320 287
320 76
320 21
320 165
320 277
320 127
320 249
320 188
320 43
320 257
321 99
321 34
321 61
321 16
321 256
321 3
321 226
321 100
321 172
321 179
321 246
321 98
321 81
321 178
321 142
321 248
321 153
321 287
321 32
321 145
321 83
321 79
321 59
321 221
321 144
321 208
321 285
321 84
321 117
321 126
322 54
322 49
322 109
322 97
322 136
322 187
322 202
322 248
322 257
322 143
322 58
322 45
322 140
322 254
322 88
322 106
322 112
322 227
322 197
322 189
322 245
322 162
322 149
322 62
322 59
322 2
322 219
322 16
322 39
322 186
323 233
323 143
323 139
323 238
323 13
323 5
323 278
323 242
323 170
323 43
323 133
323 121
323 120
323 28
323 57
323 271
323 189
323 94
323 141
323 91
323 247
323 151
323 231
323 55
323 258
323 29
323 285
323 178
323 71
323 226
324 296
324 208
324 0
324 9
324 136
324 221
324 8
324 104
324 109
324 297
324 228
324 15
324 32
324 252
324 218
324 176
324 159
324 266
324 199
324 238
324 59
324 93
324 263
324 143
324 172
324 229
324 165
324 223
324 280
324 264
325 1
325 114
325 142
325 90
325 116
325 60
325 226
325 244
325 31
325 209
325 18
325 30
325 45
325 178
325 109
325 14
325 26
325 159
325 113
325 44
325 2
325 258
325 190
325 107
325 170
325 203
325 243
325 71
325 68
325 290
326 133
326 163
326 103
326 23
326 244
326 76
326 291
326 53
326 286
326 259
326 290
326 93
326 296
326 260
326 284
326 282
326 189
326 126
326 106
326 137
326 173
326 212
326 120
326 147
326 85
326 166
326 140
326 231
326 143
326 134
327 32
327 289
327 144
327 206
327 150
327 223
327 278
327 179
327 108
327 106
327 71
327 75
327 167
327 298
327 268
327 127
327 266
327 24
327 19
327 293
327 47
327 55
327 163
327 238
327 77
327 185
327 157
327 297
327 79
327 2
328 235
328 239
328 287
328 284
328 39
328 277
328 267
328 0
328 43
328 226
328 53
328 136
328 76
328 295
328 186
328 127
328 254
328 160
328 17
328 268
328 72
328 25
328 163
328 125
328 252
328 275
328 266
328 42
328 289
328 73
329 142
329 181
329 42
329 107
329 184
329 134
329 46
329 172
329 52
329 90
329 284
329 47
329 207
329 24
329 293
329 102
329 76
329 292
329 129
329 140
329 295
329 56
329 173
329 182
329 78
329 135
329 259
329 160
329 110
329 154
