130
98 81
1 10
83 99
92 7
44 75
94 24
45 40
1 7
76 83
99 37
66 75
74 39
15 22
41 22
39 6
85 63
28 51
56 65
81 50
79 40
71 94
26 89
63 22
96 82
34 59
56 87
75 53
97 82
23 27
67 15
96 100
41 100
59 100
81 100
66 100
49 100
56 100
8 100
60 100
64 100
20 101
65 101
34 101
69 101
71 101
29 101
17 101
18 101
15 101
89 101
8 102
56 102
87 102
59 102
43 102
34 102
33 102
76 102
48 102
30 102
81 103
90 103
54 103
16 103
65 103
42 103
20 103
93 103
57 103
79 103
8 104
82 104
39 104
33 104
5 104
17 104
49 104
72 104
17 104
8 104
64 105
89 105
98 105
47 105
15 105
14 105
6 105
15 105
26 105
61 105
60 106
8 106
94 106
92 106
66 106
30 106
98 106
51 106
84 106
43 106
4 107
86 107
15 107
28 107
72 107
49 107
91 107
10 107
80 107
29 107
59 108
33 108
14 108
88 108
71 108
16 108
88 108
83 108
98 108
25 108
4 109
39 109
20 109
64 109
80 109
98 109
44 109
90 109
23 109
20 109
58 110
50 110
59 110
14 110
30 110
15 110
74 110
93 110
11 110
28 110
66 111
5 111
29 111
98 111
66 111
60 111
1 111
26 111
21 111
90 111
26 112
41 112
5 112
0 112
83 112
0 112
75 112
55 112
86 112
35 112
50 113
98 113
7 113
34 113
55 113
65 113
37 113
71 113
48 113
56 113
7 114
38 114
6 114
50 114
46 114
12 114
41 114
95 114
36 114
2 114
60 115
4 115
54 115
29 115
13 115
80 115
12 115
3 115
97 115
33 115
21 116
82 116
36 116
33 116
34 116
79 116
75 116
20 116
64 116
91 116
4 117
12 117
75 117
5 117
27 117
25 117
17 117
43 117
86 117
71 117
83 118
44 118
74 118
18 118
29 118
10 118
32 118
38 118
26 118
71 118
97 119
8 119
81 119
96 119
5 119
58 119
79 119
61 119
52 119
29 119
120 9
120 17
120 37
120 4
120 26
120 17
120 43
120 99
120 28
120 0
121 19
121 52
121 25
121 65
121 70
121 44
121 14
121 46
121 78
121 57
122 72
122 47
122 24
122 70
122 6
122 84
122 7
122 99
122 52
122 95
123 1
123 26
123 97
123 37
123 39
123 67
123 66
123 44
123 41
123 66
124 50
124 48
124 87
124 11
124 59
124 51
124 33
124 43
124 65
124 58
125 99
125 81
125 16
125 97
125 31
125 57
125 61
125 24
125 85
125 12
126 79
126 9
126 71
126 62
126 57
126 14
126 23
126 62
126 3
126 19
127 92
127 95
127 79
127 35
127 54
127 79
127 61
127 48
127 94
127 74
128 15
128 65
128 14
128 59
128 69
128 96
128 88
128 7
128 87
128 1
129 77
129 45
129 82
129 45
129 20
129 74
129 32
129 39
129 85
129 50
