330
210 47
282 227
142 287
46 10
266 162
296 125
179 80
137 189
219 10
130 77
32 248
162 256
131 79
86 74
84 228
249 50
197 146
195 19
179 153
280 221
137 292
91 95
75 22
45 200
219 125
293 95
183 168
41 252
92 44
175 192
48 110
47 200
10 143
152 87
182 44
259 182
112 233
138 58
143 222
139 270
131 18
25 106
204 148
0 147
231 43
186 161
250 185
137 291
99 268
233 114
286 190
2 69
163 35
107 146
64 5
178 162
25 232
108 286
55 0
1 259
95 88
197 84
234 169
242 70
82 68
254 257
200 297
93 198
90 9
77 53
269 39
242 234
83 263
277 296
282 203
116 146
237 28
267 161
188 273
115 283
268 203
71 231
62 257
230 265
292 295
264 185
290 7
172 260
58 15
207 288
75 122
138 50
148 165
116 297
229 218
31 16
145 241
261 129
67 144
266 98
74 45
95 222
71 22
15 42
6 120
108 108
121 121
191 125
294 13
60 291
120 176
11 199
168 147
22 33
147 100
28 105
152 299
12 155
61 199
80 2
226 227
39 218
112 3
122 212
1 11
30 75
62 102
162 50
215 79
75 270
122 73
113 193
138 246
206 260
291 115
63 81
191 50
183 46
197 25
247 207
130 207
40 170
9 257
77 114
24 143
108 57
245 136
112 84
267 108
285 69
257 222
11 203
265 287
190 75
283 54
235 222
177 37
45 148
23 257
247 19
272 90
122 193
275 161
275 244
257 27
25 244
136 271
129 144
220 53
23 149
266 248
126 57
38 89
157 95
151 173
201 221
27 224
195 235
85 228
38 19
106 258
54 194
230 172
68 284
296 16
286 269
299 5
207 80
212 116
48 114
274 50
158 108
128 57
72 269
5 284
150 215
39 129
76 137
137 250
49 247
60 176
3 262
156 29
263 47
225 213
294 46
42 291
71 88
213 265
182 274
161 238
258 65
227 52
67 276
109 76
31 29
153 26
66 176
240 77
285 85
219 11
79 193
293 142
20 9
108 61
239 275
276 150
251 69
252 244
3 100
212 156
142 122
279 48
43 160
248 289
218 132
182 140
231 275
239 89
260 298
209 95
257 291
227 123
45 215
156 19
288 52
24 67
84 109
42 276
210 278
169 297
137 14
0 232
154 146
226 192
215 273
98 89
150 271
169 26
239 247
184 115
50 81
57 48
35 120
126 109
87 284
248 260
191 128
263 61
273 253
148 240
6 88
281 138
160 74
210 214
61 45
207 51
14 53
49 124
215 161
226 199
294 97
225 95
207 115
284 248
94 49
156 105
161 149
212 294
157 88
114 100
93 252
287 135
182 299
122 263
121 33
55 262
63 242
190 265
26 69
11 246
90 180
223 283
83 10
249 186
171 294
26 48
112 278
178 275
275 177
95 228
64 45
213 27
234 21
273 179
139 3
124 270
265 30
63 13
249 296
196 52
189 167
256 42
228 286
117 116
13 207
180 196
121 163
92 188
187 121
189 185
199 209
18 100
272 254
214 96
142 239
119 166
94 31
127 157
245 11
4 208
233 181
274 267
299 144
175 283
270 47
166 179
206 95
247 184
61 72
96 287
287 263
284 166
228 31
264 74
146 162
7 269
237 152
240 156
59 64
27 271
4 174
53 168
47 100
145 38
245 53
251 284
123 272
216 198
18 275
277 80
72 3
125 270
118 132
74 24
97 234
140 144
291 143
73 85
62 66
229 150
149 84
181 148
55 178
179 149
195 98
109 268
210 27
275 51
81 267
172 11
100 248
110 234
260 285
78 65
76 184
78 165
147 33
117 222
62 200
97 236
229 172
288 282
245 236
117 200
232 3
239 112
89 181
61 105
83 212
160 265
1 265
78 178
68 73
279 108
241 188
161 93
3 117
107 89
40 191
171 113
69 0
114 120
203 104
168 141
117 245
36 61
32 174
143 20
121 283
100 75
227 232
157 85
145 290
173 130
204 259
277 150
226 273
177 283
214 75
120 115
88 75
153 280
66 296
74 93
228 184
183 154
17 282
275 133
55 223
22 13
197 170
22 268
193 126
9 212
32 268
173 58
161 299
227 243
262 89
182 41
263 155
96 270
202 252
59 180
201 103
90 1
182 283
35 34
272 188
17 80
42 92
15 214
117 272
287 74
149 58
37 82
161 201
76 11
187 59
291 138
239 186
286 152
159 253
288 128
5 70
185 282
183 212
89 179
30 123
56 104
270 151
89 21
45 184
282 80
204 63
129 39
161 273
233 179
169 262
217 282
210 73
278 28
4 274
204 145
242 106
142 126
78 256
231 87
93 215
210 251
248 268
275 155
135 143
67 289
188 8
93 140
17 28
278 104
272 111
156 264
255 220
209 128
12 193
167 115
39 47
0 129
132 210
6 91
285 68
101 124
195 196
25 118
213 295
215 18
40 98
13 173
239 74
22 253
177 158
13 185
189 47
257 185
15 209
277 17
47 29
73 284
170 183
105 189
157 263
232 299
287 189
223 91
8 114
252 134
112 194
128 57
162 212
7 197
109 113
255 271
101 113
154 11
27 143
129 47
291 84
110 207
203 191
297 218
144 96
263 183
290 79
265 243
290 244
141 249
3 294
271 224
31 221
197 39
211 229
33 74
54 264
0 270
196 220
152 114
66 67
80 275
87 291
296 40
216 162
272 299
221 3
242 116
257 132
272 20
212 45
124 157
30 113
138 243
23 271
76 39
121 203
245 199
257 128
61 182
174 127
22 9
182 18
72 15
47 154
186 164
202 26
295 180
66 211
208 147
236 293
169 193
191 249
297 207
91 264
260 127
23 82
6 23
15 241
236 146
217 76
227 96
212 274
190 216
236 209
239 77
102 135
82 100
203 4
265 226
223 256
132 254
131 204
12 283
123 253
48 23
24 94
267 231
91 48
233 123
235 203
94 42
81 239
109 81
269 80
39 117
170 152
158 235
190 52
245 75
175 74
102 124
186 42
67 167
175 23
127 15
295 58
53 270
150 78
156 195
176 146
121 100
231 276
46 226
144 298
64 271
135 1
163 232
224 214
146 157
218 141
254 11
104 1
41 237
213 124
176 18
106 85
122 270
262 272
268 283
201 199
237 297
193 275
19 111
283 74
61 277
223 80
196 139
282 180
125 134
197 253
124 106
102 106
71 236
56 88
159 99
89 42
80 146
192 135
117 53
133 5
298 282
24 221
22 247
77 44
289 93
75 149
174 103
104 100
298 254
97 11
0 1
224 84
66 233
62 80
254 111
87 203
263 29
21 92
223 71
149 212
57 0
150 276
272 78
220 24
242 215
232 131
219 40
246 76
74 164
283 206
262 51
262 121
47 241
295 186
77 123
126 249
298 69
295 21
35 65
22 1
23 252
66 267
272 138
27 18
204 224
232 197
261 191
144 234
183 44
234 269
114 12
268 218
287 49
145 90
295 246
246 115
2 132
254 226
191 102
159 211
141 225
77 204
211 249
207 214
186 100
57 125
251 57
227 108
84 163
277 121
179 152
176 135
142 24
237 117
123 169
50 170
112 106
277 128
227 255
129 194
220 181
112 224
188 234
36 286
229 248
274 260
100 227
212 296
107 156
226 201
77 21
40 260
9 112
132 18
43 89
268 14
117 204
48 169
160 147
277 216
7 96
61 257
118 175
186 138
178 292
114 236
109 16
2 220
168 118
172 44
89 145
179 217
162 221
229 39
64 188
195 111
165 102
53 165
273 40
18 202
289 203
145 119
75 101
250 174
234 78
50 99
69 92
189 27
65 3
170 12
92 189
22 190
224 243
167 156
285 31
296 28
142 50
214 182
258 172
65 179
294 277
84 231
109 131
80 44
293 208
148 50
120 139
263 281
162 227
87 206
165 47
265 47
81 20
73 265
127 197
111 46
112 254
54 36
131 109
107 241
235 61
6 43
280 56
188 277
113 73
292 239
119 171
143 195
52 74
159 95
222 264
249 276
61 271
179 298
120 85
281 42
117 157
29 21
259 30
178 278
88 162
250 279
181 21
75 16
33 188
192 58
99 281
137 32
212 17
216 37
228 6
208 157
38 214
292 149

215 300
248 301
38 302
142 303
48 304
14 305
278 306
134 307
163 308
188 309
145 310
79 311
19 312
61 313
31 314

300 217
301 70
302 237
303 136
304 255
305 281
306 51
307 136
308 45
309 227
310 61
311 7
312 41
313 242
314 225
