14
0 2  0 4  0 6  0 8  
1 2  1 3  1 4  
2 0  2 0  2 3  2 7  2 7  
3 7  
4 0  4 2  4 6  4 8  
5 0  5 6  5 9  5 9  
6 1  6 3  6 4  6 9  
8 0  8 2  8 9  
9 2  9 7  
0 10
5 11
12 3
13 8
------------
14 14
0.00714 0.00714 0.18714 0.00714 0.18714 0.00714 0.18714 0.00714 0.18714 0.00714 0.18714 0.00714 0.00714 0.00714 
0.00714 0.00714 0.30714 0.30714 0.30714 0.00714 0.00714 0.00714 0.00714 0.00714 0.00714 0.00714 0.00714 0.00714 
0.36714 0.00714 0.00714 0.18714 0.00714 0.00714 0.00714 0.36714 0.00714 0.00714 0.00714 0.00714 0.00714 0.00714 
0.00714 0.00714 0.00714 0.00714 0.00714 0.00714 0.00714 0.90714 0.00714 0.00714 0.00714 0.00714 0.00714 0.00714 
0.23214 0.00714 0.23214 0.00714 0.00714 0.00714 0.23214 0.00714 0.23214 0.00714 0.00714 0.00714 0.00714 0.00714 
0.18714 0.00714 0.00714 0.00714 0.00714 0.00714 0.18714 0.00714 0.00714 0.36714 0.00714 0.18714 0.00714 0.00714 
0.00714 0.23214 0.00714 0.23214 0.23214 0.00714 0.00714 0.00714 0.00714 0.23214 0.00714 0.00714 0.00714 0.00714 
0.07143 0.07143 0.07143 0.07143 0.07143 0.07143 0.07143 0.07143 0.07143 0.07143 0.07143 0.07143 0.07143 0.07143 
0.30714 0.00714 0.30714 0.00714 0.00714 0.00714 0.00714 0.00714 0.00714 0.30714 0.00714 0.00714 0.00714 0.00714 
0.00714 0.00714 0.45714 0.00714 0.00714 0.00714 0.00714 0.45714 0.00714 0.00714 0.00714 0.00714 0.00714 0.00714 
0.07143 0.07143 0.07143 0.07143 0.07143 0.07143 0.07143 0.07143 0.07143 0.07143 0.07143 0.07143 0.07143 0.07143 
0.07143 0.07143 0.07143 0.07143 0.07143 0.07143 0.07143 0.07143 0.07143 0.07143 0.07143 0.07143 0.07143 0.07143 
0.00714 0.00714 0.00714 0.90714 0.00714 0.00714 0.00714 0.00714 0.00714 0.00714 0.00714 0.00714 0.00714 0.00714 
0.00714 0.00714 0.00714 0.00714 0.00714 0.00714 0.00714 0.00714 0.90714 0.00714 0.00714 0.00714 0.00714 0.00714 
------------
