330
0 112  
1 39  1 168  1 194  1 298  
2 76  2 176  2 190  
3 31  3 47  3 66  3 184  
4 106  4 194  4 281  
5 125  5 137  
6 18  6 19  6 148  6 161  6 229  
7 54  7 164  
8 187  8 234  
9 4  
10 0  10 42  10 262  10 262  
11 1  11 4  11 31  11 193  11 200  11 255  
12 68  12 165  12 174  12 294  
13 9  13 34  13 51  13 241  
15 4  15 16  15 45  15 169  15 205  
16 5  16 139  16 292  
17 39  17 84  
18 51  18 99  18 239  
19 138  19 165  19 269  
20 177  
21 178  
22 119  
23 80  23 287  
24 134  24 151  24 159  24 273  
25 10  
26 139  26 221  26 248  
27 30  27 230  
28 35  28 122  28 149  
29 37  29 210  29 248  
30 8  30 254  30 279  
31 11  31 20  31 103  
32 23  32 98  32 262  
34 210  34 267  
35 238  
36 29  36 146  36 188  36 207  36 209  36 246  
37 16  37 47  37 130  37 174  
38 26  38 126  38 226  38 244  
39 45  39 188  
40 39  40 67  40 292  
41 110  41 135  41 154  41 217  
42 278  
43 19  43 72  43 157  43 240  43 268  
44 68  44 133  44 212  
45 74  45 127  45 170  
46 33  46 242  
47 80  47 81  
48 35  48 268  
49 13  49 35  49 87  49 129  49 152  49 237  49 280  49 286  
50 190  50 269  50 286  50 295  
51 1  51 69  51 175  
52 21  52 67  52 112  
53 0  53 36  53 49  
54 234  54 260  
55 130  55 153  55 265  
56 100  56 246  56 254  56 258  
57 25  
58 8  58 116  
59 72  
60 59  60 83  60 128  60 254  
61 14  61 116  
62 67  62 77  62 126  62 186  
63 116  63 218  63 250  
64 3  64 106  64 157  64 271  
65 40  65 66  
66 2  66 94  66 157  66 194  
67 18  67 116  67 131  
68 11  68 20  68 32  68 32  
69 51  69 68  69 204  
70 130  70 149  70 298  
71 52  71 102  71 138  71 167  71 198  71 277  
72 221  
73 13  73 61  73 61  73 142  73 157  73 235  73 290  
74 41  
75 22  75 150  
76 26  
77 20  77 89  77 97  77 113  77 118  77 124  77 184  77 193  
78 192  
79 167  79 187  79 210  79 289  
80 82  80 99  80 207  80 224  80 291  
81 50  81 76  81 208  81 284  
82 56  82 180  
83 48  83 51  83 224  83 231  83 266  
84 20  84 182  84 248  84 297  
85 5  85 114  85 188  85 299  
86 23  86 104  86 248  
87 103  87 229  87 262  87 289  
88 12  
89 133  
90 18  90 102  90 209  
91 16  91 133  91 165  91 171  
92 124  92 171  92 192  92 269  
93 45  93 56  93 286  
94 27  94 106  94 254  94 289  94 298  
95 190  95 247  
96 167  96 174  96 237  96 291  
97 12  97 168  97 250  
98 52  98 79  98 83  98 92  98 92  98 125  
99 38  99 49  99 234  99 278  
100 101  100 215  100 235  
101 16  
102 159  
103 41  103 98  103 238  103 260  
104 146  104 245  
105 2  105 100  105 110  105 137  105 220  105 242  
106 132  106 239  106 253  106 298  
107 115  107 140  107 231  
108 71  108 119  108 154  108 173  
109 82  109 119  109 215  
110 12  110 281  
111 110  111 270  
112 27  112 110  112 266  
113 12  
114 98  114 189  114 197  
115 193  115 210  
116 151  116 242  116 272  116 278  
117 73  117 131  
118 63  118 110  118 251  
119 116  119 142  
120 6  120 49  120 109  120 176  120 200  120 253  120 288  
121 247  121 286  
122 15  122 24  122 52  122 60  122 69  122 76  122 253  
123 48  123 55  123 111  123 142  123 202  123 209  123 270  
124 34  124 50  124 95  124 123  124 137  124 210  124 255  124 268  
125 22  125 24  
126 53  126 260  
127 10  127 76  127 85  127 93  127 196  127 214  
128 258  
129 19  129 32  129 69  
130 37  130 57  130 86  130 144  130 158  130 236  
131 68  131 137  131 250  131 259  
132 8  132 72  132 140  132 206  
133 8  133 100  133 141  
134 20  134 187  
135 53  135 184  135 186  135 265  
136 55  136 214  136 296  
137 272  137 280  
138 80  138 104  138 134  138 192  138 252  
139 4  139 112  
140 93  140 167  140 241  140 243  
141 2  141 28  141 147  
142 225  142 240  142 281  
143 222  
144 60  144 81  144 93  144 109  144 129  144 155  144 168  144 253  144 289  
145 51  145 115  145 115  
146 67  146 206  
148 195  
149 244  149 261  
150 6  150 79  150 135  
152 29  152 109  
153 185  153 258  
154 190  154 211  154 246  154 297  
156 148  
157 36  157 125  157 161  157 161  
158 29  158 133  158 155  
159 35  159 157  159 176  159 189  159 219  
160 57  160 102  160 112  160 228  160 269  
161 224  
162 231  
163 143  163 150  
164 63  164 65  164 86  164 140  
165 27  165 111  165 226  165 238  165 260  
166 154  166 172  166 224  
167 37  167 63  167 119  167 138  167 296  167 298  
168 35  168 71  168 239  
170 24  170 65  170 110  170 138  170 200  
171 1  171 121  171 243  
172 19  172 97  172 149  172 201  172 244  
173 36  173 132  
175 149  175 186  
176 90  
177 242  
178 91  178 93  
179 29  179 79  179 126  179 277  
180 66  180 238  180 296  
181 51  181 131  181 215  
182 25  182 100  182 112  182 212  182 224  182 241  182 297  
183 80  183 120  183 136  183 278  183 281  183 282  183 296  
184 47  184 122  184 199  184 212  
185 22  185 44  185 214  185 221  
186 143  186 152  186 196  186 271  
187 23  187 70  187 174  
188 46  188 178  188 195  188 199  
189 61  189 175  
190 153  190 278  
191 27  
192 65  192 76  192 227  192 259  
193 178  
194 3  194 193  194 225  194 250  
195 73  195 75  195 219  
196 74  196 206  196 213  196 271  196 277  196 277  
197 25  197 84  197 105  197 220  
198 74  198 116  198 156  198 190  198 226  
199 140  
200 118  200 204  200 237  
201 138  201 194  201 220  
202 81  202 87  202 290  
203 251  
204 22  204 126  204 153  204 238  204 250  
205 116  205 271  205 285  
206 6  206 51  206 256  
207 79  207 181  
209 28  209 96  209 198  209 250  209 278  
210 239  
211 25  211 62  211 65  
212 33  212 44  212 45  212 83  212 117  212 178  
213 154  213 208  213 282  
214 103  214 199  
215 103  
216 26  216 77  216 154  216 204  
217 8  217 10  217 11  217 112  217 175  
218 95  218 183  
219 21  219 114  219 254  219 277  
220 227  
221 102  221 190  221 229  
222 36  222 75  222 117  222 184  222 194  
223 201  223 233  
224 9  224 75  
225 47  225 84  225 102  225 114  225 281  
227 140  227 165  227 247  
228 32  228 158  
229 14  229 119  
231 98  231 106  231 186  231 200  
232 220  232 253  
233 74  
234 53  234 267  
235 72  
236 39  236 62  236 188  236 200  236 228  236 242  
237 64  237 140  237 268  
238 114  238 203  
239 32  239 159  239 229  239 288  
240 215  240 231  
241 192  241 233  
242 2  242 9  242 9  242 13  242 38  242 205  242 230  
243 134  243 218  243 291  
244 1  244 242  244 285  
245 119  245 123  245 267  
246 15  246 154  246 161  246 190  
247 16  247 220  247 231  
248 172  
249 182  
250 80  250 208  
251 185  251 250  
252 99  
253 129  253 171  253 266  253 296  
254 181  254 239  254 282  
255 129  255 170  255 191  255 261  
256 46  256 111  256 186  
257 40  257 79  257 145  
258 37  258 209  
259 1  259 173  259 194  259 228  
260 139  260 170  
261 163  261 290  
262 43  262 50  262 76  262 248  
263 9  263 12  263 52  263 131  263 212  
264 137  264 209  264 219  264 223  
265 23  265 80  265 255  265 263  
266 31  266 52  266 185  266 196  
267 236  
268 56  268 124  
269 19  269 232  269 267  
270 31  270 230  
271 28  271 180  
272 122  272 213  272 224  
274 152  
275 104  275 135  
276 223  276 235  
277 190  
278 33  278 57  278 69  
279 120  279 175  279 235  279 266  
280 160  280 168  280 291  
281 83  281 143  281 245  
282 179  282 258  282 290  
283 190  
284 0  284 245  284 286  
285 53  285 99  
286 262  286 264  
287 183  287 230  287 253  287 258  287 289  
288 13  288 24  288 26  288 112  288 256  
289 13  289 17  289 89  289 279  289 288  
290 29  290 96  290 266  290 266  
291 76  291 241  
292 106  292 227  292 294  
293 49  293 114  293 222  
294 17  294 20  294 186  
295 107  
296 209  296 242  
297 48  297 87  297 149  297 223  297 242  297 270  297 279  
298 42  298 179  298 257  
299 122  299 184  
144 300
56 300
226 300
173 300
179 300
188 300
219 300
80 300
79 300
138 300
197 300
271 300
169 300
57 300
170 300
70 300
145 300
228 300
292 300
18 300
140 300
5 300
115 300
81 300
90 300
140 300
253 300
58 300
266 300
208 300
203 301
219 301
214 301
206 301
198 301
156 301
16 301
76 301
139 301
258 301
40 301
251 301
41 301
24 301
129 301
127 301
229 301
292 301
92 301
168 301
64 301
40 301
287 301
53 301
25 301
77 301
140 301
209 301
141 301
14 301
115 302
233 302
78 302
251 302
246 302
29 302
298 302
295 302
154 302
278 302
40 302
270 302
225 302
147 302
251 302
225 302
73 302
219 302
270 302
299 302
93 302
242 302
162 302
177 302
226 302
146 302
63 302
241 302
276 302
164 302
102 303
257 303
69 303
191 303
76 303
288 303
106 303
43 303
17 303
217 303
281 303
98 303
133 303
251 303
106 303
128 303
225 303
144 303
171 303
113 303
136 303
69 303
167 303
186 303
199 303
9 303
52 303
209 303
211 303
133 303
155 304
143 304
21 304
185 304
24 304
113 304
160 304
56 304
297 304
138 304
281 304
284 304
188 304
2 304
212 304
83 304
250 304
42 304
197 304
50 304
186 304
295 304
277 304
33 304
30 304
52 304
56 304
130 304
243 304
244 304
157 305
81 305
78 305
150 305
96 305
297 305
252 305
212 305
174 305
272 305
172 305
206 305
8 305
298 305
130 305
284 305
294 305
184 305
20 305
165 305
290 305
157 305
234 305
250 305
86 305
299 305
195 305
126 305
213 305
149 305
112 306
67 306
131 306
54 306
93 306
221 306
73 306
131 306
241 306
268 306
168 306
262 306
123 306
256 306
221 306
90 306
58 306
90 306
146 306
256 306
163 306
55 306
222 306
254 306
105 306
144 306
220 306
256 306
149 306
30 306
66 307
57 307
229 307
31 307
9 307
94 307
61 307
66 307
46 307
176 307
11 307
290 307
201 307
144 307
244 307
290 307
159 307
175 307
133 307
127 307
76 307
215 307
66 307
176 307
8 307
5 307
173 307
167 307
185 307
39 307
202 308
291 308
212 308
173 308
115 308
20 308
299 308
244 308
101 308
281 308
141 308
265 308
9 308
59 308
217 308
85 308
269 308
268 308
43 308
80 308
107 308
47 308
6 308
299 308
185 308
5 308
125 308
225 308
270 308
263 308
203 309
285 309
115 309
86 309
9 309
265 309
218 309
14 309
199 309
232 309
207 309
41 309
270 309
135 309
168 309
231 309
0 309
244 309
185 309
143 309
27 309
61 309
286 309
97 309
119 309
45 309
53 309
106 309
253 309
33 309
146 310
227 310
149 310
152 310
197 310
168 310
15 310
242 310
62 310
135 310
230 310
141 310
248 310
267 310
261 310
67 310
257 310
235 310
98 310
178 310
20 310
267 310
124 310
177 310
165 310
153 310
76 310
45 310
263 310
89 310
194 311
78 311
289 311
183 311
70 311
216 311
87 311
160 311
296 311
30 311
64 311
168 311
147 311
255 311
31 311
261 311
66 311
103 311
289 311
125 311
126 311
129 311
6 311
74 311
204 311
53 311
135 311
30 311
119 311
174 311
25 312
233 312
267 312
140 312
137 312
228 312
171 312
49 312
297 312
125 312
19 312
112 312
138 312
50 312
217 312
67 312
51 312
129 312
36 312
230 312
120 312
125 312
148 312
284 312
220 312
146 312
66 312
210 312
272 312
156 312
136 313
296 313
198 313
188 313
274 313
105 313
254 313
166 313
283 313
66 313
244 313
118 313
105 313
49 313
160 313
141 313
185 313
80 313
206 313
264 313
82 313
48 313
10 313
240 313
20 313
114 313
293 313
141 313
192 313
176 313
96 314
234 314
7 314
142 314
94 314
158 314
40 314
120 314
82 314
198 314
298 314
143 314
245 314
104 314
275 314
78 314
225 314
68 314
101 314
70 314
95 314
17 314
103 314
5 314
65 314
240 314
25 314
180 314
101 314
103 314
315 167
315 263
315 202
315 70
315 29
315 167
315 64
315 52
315 39
315 216
315 271
315 204
315 90
315 124
315 0
315 255
315 53
315 80
315 62
315 43
315 30
315 127
315 285
315 35
315 190
315 17
315 55
315 25
315 74
315 123
316 225
316 51
316 178
316 132
316 77
316 180
316 210
316 79
316 253
316 210
316 276
316 13
316 283
316 290
316 100
316 89
316 136
316 122
316 159
316 126
316 33
316 158
316 140
316 274
316 56
316 179
316 9
316 251
316 205
316 64
317 179
317 24
317 95
317 232
317 191
317 119
317 179
317 72
317 239
317 139
317 31
317 109
317 165
317 292
317 273
317 214
317 201
317 100
317 234
317 284
317 68
317 196
317 108
317 50
317 255
317 161
317 21
317 210
317 56
317 192
318 261
318 102
318 111
318 37
318 98
318 260
318 99
318 247
318 202
318 201
318 133
318 149
318 203
318 137
318 266
318 151
318 37
318 83
318 140
318 33
318 234
318 166
318 145
318 276
318 112
318 149
318 89
318 27
318 20
318 259
319 284
319 180
319 130
319 55
319 22
319 103
319 167
319 122
319 244
319 207
319 106
319 100
319 58
319 299
319 187
319 152
319 203
319 228
319 149
319 232
319 53
319 66
319 105
319 140
319 260
319 227
319 45
319 293
319 158
319 246
320 91
320 165
320 14
320 27
320 299
320 65
320 252
320 35
320 245
320 64
320 219
320 17
320 32
320 187
320 225
320 0
320 73
320 205
320 261
320 4
320 155
320 274
320 152
320 61
320 200
320 92
320 273
320 29
320 183
320 227
321 62
321 44
321 9
321 92
321 8
321 104
321 223
321 42
321 2
321 279
321 226
321 251
321 142
321 151
321 281
321 48
321 261
321 90
321 57
321 143
321 49
321 281
321 162
321 18
321 191
321 207
321 178
321 172
321 294
321 107
322 46
322 163
322 141
322 188
322 115
322 18
322 133
322 104
322 95
322 175
322 289
322 48
322 261
322 200
322 201
322 254
322 183
322 86
322 154
322 10
322 243
322 192
322 245
322 29
322 83
322 179
322 207
322 244
322 108
322 116
323 124
323 217
323 153
323 233
323 211
323 58
323 99
323 202
323 85
323 283
323 283
323 19
323 72
323 35
323 254
323 90
323 284
323 15
323 22
323 263
323 75
323 160
323 230
323 106
323 214
323 217
323 172
323 144
323 132
323 265
324 143
324 141
324 262
324 225
324 235
324 2
324 173
324 183
324 281
324 223
324 197
324 72
324 252
324 59
324 256
324 99
324 21
324 43
324 275
324 135
324 55
324 97
324 275
324 131
324 265
324 193
324 203
324 212
324 125
324 28
325 86
325 85
325 271
325 119
325 293
325 46
325 240
325 161
325 94
325 65
325 245
325 198
325 217
325 70
325 249
325 44
325 267
325 24
325 128
325 90
325 127
325 51
325 189
325 246
325 153
325 6
325 77
325 23
325 2
325 258
326 58
326 96
326 139
326 191
326 139
326 20
326 52
326 267
326 205
326 101
326 69
326 263
326 266
326 270
326 268
326 201
326 73
326 105
326 105
326 56
326 105
326 200
326 13
326 249
326 47
326 266
326 106
326 240
326 184
326 205
327 96
327 123
327 65
327 263
327 154
327 66
327 159
327 138
327 258
327 144
327 197
327 51
327 150
327 69
327 100
327 173
327 73
327 59
327 18
327 136
327 71
327 15
327 36
327 89
327 251
327 144
327 2
327 41
327 146
327 120
328 274
328 36
328 176
328 229
328 141
328 270
328 297
328 185
328 277
328 185
328 225
328 167
328 44
328 299
328 59
328 43
328 257
328 77
328 65
328 222
328 83
328 162
328 271
328 277
328 119
328 9
328 101
328 240
328 184
328 88
329 99
329 185
329 62
329 33
329 134
329 154
329 190
329 233
329 130
329 194
329 27
329 265
329 152
329 211
329 28
329 188
329 168
329 133
329 41
329 297
329 163
329 35
329 170
329 171
329 191
329 138
329 5
329 101
329 239
329 161
