10 10
0.01000 0.01000 0.28000 0.01000 0.19000 0.10000 0.10000 0.10000 0.19000 0.01000 
0.91000 0.01000 0.01000 0.01000 0.01000 0.01000 0.01000 0.01000 0.01000 0.01000 
0.61000 0.31000 0.01000 0.01000 0.01000 0.01000 0.01000 0.01000 0.01000 0.01000 
0.46000 0.23500 0.01000 0.01000 0.01000 0.23500 0.01000 0.01000 0.01000 0.01000 
0.91000 0.01000 0.01000 0.01000 0.01000 0.01000 0.01000 0.01000 0.01000 0.01000 
0.01000 0.01000 0.01000 0.01000 0.01000 0.01000 0.01000 0.01000 0.01000 0.91000 
0.68500 0.01000 0.23500 0.01000 0.01000 0.01000 0.01000 0.01000 0.01000 0.01000 
0.01000 0.01000 0.01000 0.01000 0.37000 0.19000 0.01000 0.01000 0.19000 0.19000 
0.91000 0.01000 0.01000 0.01000 0.01000 0.01000 0.01000 0.01000 0.01000 0.01000 
0.10000 0.10000 0.10000 0.10000 0.10000 0.10000 0.10000 0.10000 0.10000 0.10000 
